Id	Time	Plate	Row	Column	Source well	Clog	Sorted status	In Regions	TOF	Extinction	Green	Yellow	Red	PH Extinction	PW Extinction	PC Extinction	PH Green	PW Green	PC Green	PH Yellow	PW Yellow	PC Yellow	PH Red	PW Red	PC Red	
1	8668964	n/a	0	0	n/a	N	0	0000	204	9.73	0.83	0.17	0.31	4076	204	n/a	404	204	n/a	100	204	n/a	224	204	n/a	
2	8671710	n/a	0	0	n/a	N	0	0000	192	16.1	0.19	0.95	2.29	9060	192	n/a	152	192	n/a	716	192	n/a	1544	192	n/a	
3	8674726	n/a	0	0	n/a	N	0	0000	532	55.6	0.19	0.14	0.46	12992	532	n/a	60	520	n/a	52	460	n/a	280	436	n/a	
4	8674726	n/a	0	0	n/a	N	0	0000	180	9.31	0.07	0.06	0.14	4528	180	n/a	56	176	n/a	52	168	n/a	144	152	n/a	
5	8676797	n/a	0	0	n/a	N	0	0000	252	21.3	0.09	0.05	0.17	9028	252	n/a	60	240	n/a	44	192	n/a	208	176	n/a	
6	8680238	n/a	0	0	n/a	N	0	0000	156	9.82	0.05	0.03	0.03	6160	156	n/a	40	156	n/a	40	132	n/a	88	60	n/a	
7	8680329	n/a	0	0	n/a	N	0	0000	256	17.8	0.13	0.76	6.41	6864	256	n/a	72	256	n/a	300	256	n/a	2708	256	n/a	
8	8680628	n/a	0	0	n/a	N	0	0000	144	8.69	0.07	0.24	0.53	5752	144	n/a	60	140	n/a	176	144	n/a	488	144	n/a	
9	8682192	n/a	0	0	n/a	N	0	0000	228	11.6	0.08	0.04	0.19	4612	228	n/a	56	200	n/a	48	168	n/a	216	200	n/a	
10	8683298	n/a	0	0	n/a	N	0	0000	276	17.9	0.19	0.95	3.21	6320	276	n/a	92	276	n/a	344	276	n/a	1280	276	n/a	
11	8684190	n/a	0	0	n/a	N	0	0000	304	24.8	0.41	2.04	4.32	8984	304	n/a	260	304	n/a	1080	304	n/a	2076	304	n/a	
12	8687041	n/a	0	0	n/a	N	0	0000	72	3.26	0.02	0.02	0.14	3792	72	n/a	48	72	n/a	40	72	n/a	216	72	n/a	
13	8687041	n/a	0	0	n/a	N	0	0000	232	14.3	0.08	0.09	0.19	5804	232	n/a	60	228	n/a	64	232	n/a	196	204	n/a	
14	8687788	n/a	0	0	n/a	N	0	0000	72	3.35	0.04	0.07	0.12	3968	72	n/a	72	72	n/a	124	72	n/a	232	72	n/a	
15	8691841	n/a	0	0	n/a	N	0	0000	96	5.20	0.08	0.17	0.33	4996	96	n/a	108	96	n/a	216	96	n/a	424	96	n/a	
16	8697374	n/a	0	0	n/a	N	0	1000	1680	716	4.18	99.7	387	45080	1680	n/a	356	1636	n/a	8140	1680	n/a	30584	1680	n/a	
17	8697375	n/a	0	0	n/a	N	0	1000	1692	826	3.78	63.2	289	51296	1692	n/a	332	1656	n/a	5112	1684	n/a	22152	1692	n/a	
18	8697376	n/a	0	0	n/a	N	0	1000	1360	641	5.38	238	814	53668	1360	n/a	648	1260	n/a	25872	1360	n/a	65532	1360	n/a	
19	8697377	n/a	0	0	n/a	N	0	1000	2528	1515	5.14	195	1093	65532	2528	n/a	304	2320	n/a	11352	2468	n/a	65532	2520	n/a	
20	8697377	n/a	0	0	n/a	N	0	1000	1860	681	1.69	46.4	268	39720	1860	n/a	168	1744	n/a	3500	1800	n/a	19340	1840	n/a	
21	8697380	n/a	0	0	n/a	N	0	0000	1160	511	3.10	208	731	46188	1160	n/a	388	1128	n/a	24204	1160	n/a	65532	1160	n/a	
22	8697838	n/a	0	0	n/a	N	0	0000	3928	1750	22.4	961	2062	50920	3928	n/a	1136	3400	n/a	40492	3928	n/a	65532	3928	n/a	
23	8697838	n/a	0	0	n/a	N	0	1000	1408	679	5.52	233	834	53060	1408	n/a	644	1308	n/a	25436	1408	n/a	65532	1408	n/a	
24	8698982	n/a	0	0	n/a	N	0	0000	336	23.0	0.19	0.37	2.38	6248	336	n/a	80	336	n/a	132	336	n/a	932	336	n/a	
25	8698998	n/a	0	0	n/a	N	0	0000	192	16.5	0.06	0.05	0.16	9200	192	n/a	56	184	n/a	44	180	n/a	148	188	n/a	
26	8699769	n/a	0	0	n/a	N	0	1000	1632	693	20.6	528	970	44192	1632	n/a	1848	1612	n/a	42736	1632	n/a	65260	1632	n/a	
27	8699775	n/a	0	0	n/a	N	0	1000	2088	859	14.4	213	294	45008	2088	n/a	740	2072	n/a	11860	2088	n/a	18196	2088	n/a	
28	8699775	n/a	0	0	n/a	N	0	1000	2036	703	6.68	418	712	38884	2036	n/a	408	1984	n/a	24144	2036	n/a	42024	2036	n/a	
29	8699777	n/a	0	0	n/a	N	0	1000	1440	709	27.3	478	869	52924	1440	n/a	2596	1380	n/a	43588	1440	n/a	65532	1440	n/a	
30	8699777	n/a	0	0	n/a	N	0	0000	156	8.30	0.01	0.91	4.60	4768	156	n/a	20	52	n/a	600	156	n/a	2952	156	n/a	
31	8699778	n/a	0	0	n/a	N	0	1000	1928	888	24.2	667	1042	56548	1928	n/a	2216	1524	n/a	55764	1736	n/a	65532	1928	n/a	
32	8700530	n/a	0	0	n/a	N	0	0000	408	25.9	0.14	0.16	1.13	6068	408	n/a	60	392	n/a	60	404	n/a	420	408	n/a	
33	8700986	n/a	0	0	n/a	N	0	0000	100	5.12	0.04	0.03	0.01	4764	100	n/a	60	96	n/a	56	92	n/a	84	28	n/a	
34	8701719	n/a	0	0	n/a	N	0	0000	64	2.91	0.03	0.03	0.06	3828	64	n/a	60	64	n/a	52	64	n/a	124	60	n/a	
35	8702239	n/a	0	0	n/a	N	0	0000	152	7.69	0.05	0.03	0.15	4592	152	n/a	48	148	n/a	44	120	n/a	220	144	n/a	
36	8703455	n/a	0	0	n/a	N	0	0000	284	27.1	3.81	3.07	0.55	10764	284	n/a	2212	284	n/a	1784	284	n/a	420	272	n/a	
37	8703698	n/a	0	0	n/a	N	0	0000	1524	592	2.24	259	1046	38780	1524	n/a	220	1504	n/a	21640	1524	n/a	65532	1524	n/a	
38	8703704	n/a	0	0	n/a	N	0	1000	1540	720	3.74	211	972	48424	1540	n/a	308	1520	n/a	22904	1540	n/a	65532	1540	n/a	
39	8703716	n/a	0	0	n/a	N	0	1000	1808	696	11.6	337	794	41160	1808	n/a	856	1764	n/a	22628	1808	n/a	56408	1808	n/a	
40	8705120	n/a	0	0	n/a	N	0	0000	60	2.79	0.02	0.02	0.02	3908	60	n/a	56	56	n/a	48	60	n/a	144	32	n/a	
41	8705214	n/a	0	0	n/a	N	0	0000	100	4.70	0.04	0.05	0.08	3992	100	n/a	64	100	n/a	72	100	n/a	128	92	n/a	
42	8705215	n/a	0	0	n/a	N	0	1000	1552	759	3.99	121	465	59784	1552	n/a	376	1376	n/a	13080	1496	n/a	47256	1552	n/a	
43	8705217	n/a	0	0	n/a	N	0	0000	252	15.2	0.09	0.06	0.25	5688	252	n/a	60	248	n/a	44	232	n/a	240	220	n/a	
44	8705897	n/a	0	0	n/a	N	0	0000	60	2.86	0.01	0.01	0.06	4108	60	n/a	32	60	n/a	36	36	n/a	180	60	n/a	
45	8706530	n/a	0	0	n/a	N	0	1000	1300	685	4.31	561	990	58012	1300	n/a	428	1272	n/a	52720	1300	n/a	65532	1300	n/a	
46	8706689	n/a	0	0	n/a	N	0	1000	1692	928	21.2	565	1154	57472	1692	n/a	1644	1628	n/a	41016	1692	n/a	65532	1692	n/a	
47	8707162	n/a	0	0	n/a	N	0	0000	328	19.4	0.13	0.12	0.04	5612	328	n/a	64	316	n/a	72	316	n/a	88	96	n/a	
48	8710176	n/a	0	0	n/a	N	0	1000	1824	765	2.76	485	1247	43656	1824	n/a	224	1772	n/a	38768	1824	n/a	65532	1824	n/a	
49	8710178	n/a	0	0	n/a	N	0	1000	1748	757	5.34	208	724	47700	1748	n/a	396	1704	n/a	17888	1748	n/a	59328	1748	n/a	
50	8711617	n/a	0	0	n/a	N	0	1000	1596	852	32.7	631	1037	59364	1596	n/a	2924	1504	n/a	50008	1596	n/a	65532	1596	n/a	
51	8712168	n/a	0	0	n/a	N	0	0000	456	35.9	0.15	0.14	0.23	7772	456	n/a	52	424	n/a	56	424	n/a	228	304	n/a	
52	8712757	n/a	0	0	n/a	N	0	1000	1676	696	4.93	355	1018	48892	1676	n/a	408	1544	n/a	32064	1676	n/a	65532	1676	n/a	
53	8714315	n/a	0	0	n/a	N	0	0000	208	14.8	0.07	0.06	0.16	7648	208	n/a	56	204	n/a	44	192	n/a	148	180	n/a	
54	8715110	n/a	0	0	n/a	N	0	0000	1268	552	10.6	468	671	47272	1268	n/a	1248	1220	n/a	52028	1268	n/a	65532	1268	n/a	
55	8715158	n/a	0	0	n/a	N	0	0000	1296	424	3.69	103	542	35112	1296	n/a	436	1276	n/a	9820	1296	n/a	49748	1296	n/a	
56	8715457	n/a	0	0	n/a	N	0	1000	1880	676	11.4	484	1124	39252	1880	n/a	756	1868	n/a	36068	1880	n/a	65532	1880	n/a	
57	8718074	n/a	0	0	n/a	N	0	1000	1056	569	11.5	367	674	59904	1056	n/a	1720	1012	n/a	47980	1056	n/a	65532	1056	n/a	
58	8718217	n/a	0	0	n/a	N	0	1000	1972	962	19.7	684	1138	57188	1972	n/a	1384	1928	n/a	44804	1972	n/a	65532	1972	n/a	
59	8718219	n/a	0	0	n/a	N	0	1000	1816	965	24.4	547	1141	55352	1816	n/a	1920	1748	n/a	40128	1816	n/a	65532	1816	n/a	
60	8718221	n/a	0	0	n/a	N	0	0000	1248	535	19.5	518	701	47624	1248	n/a	1800	1212	n/a	51736	1248	n/a	65532	1248	n/a	
61	8719673	n/a	0	0	n/a	N	0	1000	1764	925	3.75	101	559	54088	1764	n/a	296	1708	n/a	7908	1764	n/a	41556	1764	n/a	
62	8719673	n/a	0	0	n/a	N	0	1000	1752	880	4.13	345	1128	50952	1752	n/a	368	1676	n/a	26404	1732	n/a	65532	1752	n/a	
63	8719675	n/a	0	0	n/a	N	0	0000	1408	558	2.65	70.9	362	45728	1408	n/a	268	1296	n/a	8020	1324	n/a	38204	1408	n/a	
64	8719676	n/a	0	0	n/a	N	0	1000	1456	635	20.1	511	806	49856	1456	n/a	1668	1424	n/a	42244	1456	n/a	65532	1456	n/a	
65	8719787	n/a	0	0	n/a	N	0	0000	88	4.94	0.04	0.03	0.06	5200	88	n/a	60	88	n/a	56	88	n/a	160	80	n/a	
66	8720108	n/a	0	0	n/a	N	0	0000	684	62.8	0.24	0.20	0.37	12220	684	n/a	56	656	n/a	64	636	n/a	168	472	n/a	
67	8720451	n/a	0	0	n/a	N	0	1000	1712	820	13.8	517	967	51920	1712	n/a	1196	1624	n/a	39524	1712	n/a	65532	1712	n/a	
68	8720497	n/a	0	0	n/a	N	0	1000	1396	716	4.60	261	836	56496	1396	n/a	480	1364	n/a	30000	1396	n/a	65532	1396	n/a	
69	8720731	n/a	0	0	n/a	N	0	0000	64	3.14	0.05	0.65	2.14	4280	64	n/a	92	64	n/a	1112	64	n/a	3256	64	n/a	
70	8721747	n/a	0	0	n/a	N	0	1000	1700	744	5.21	214	723	46020	1700	n/a	440	1656	n/a	20000	1700	n/a	58684	1700	n/a	
71	8722013	n/a	0	0	n/a	N	0	1000	1304	790	21.2	398	810	65532	1304	n/a	2320	1240	n/a	40008	1304	n/a	65532	1304	n/a	
72	8722543	n/a	0	0	n/a	N	0	1000	1888	965	11.1	527	1289	55108	1888	n/a	852	1840	n/a	36532	1888	n/a	65532	1888	n/a	
73	8723953	n/a	0	0	n/a	N	0	1000	1584	930	13.4	564	1144	64056	1584	n/a	1256	1536	n/a	43592	1584	n/a	65532	1584	n/a	
74	8724279	n/a	0	0	n/a	N	0	0000	484	31.4	0.14	0.10	0.12	6252	484	n/a	68	444	n/a	56	400	n/a	120	208	n/a	
75	8724280	n/a	0	0	n/a	N	0	0000	288	21.7	0.09	0.10	0.12	7800	288	n/a	52	284	n/a	52	272	n/a	176	180	n/a	
76	8724378	n/a	0	0	n/a	N	0	1000	1832	950	21.3	923	1363	51308	1832	n/a	1344	1768	n/a	63976	1832	n/a	65532	1832	n/a	
77	8724382	n/a	0	0	n/a	N	0	0000	312	14.7	0.60	2.54	3.82	4000	312	n/a	212	312	n/a	820	312	n/a	1276	312	n/a	
78	8725286	n/a	0	0	n/a	N	0	0000	1432	546	6.55	247	563	42472	1432	n/a	580	1432	n/a	20444	1432	n/a	42956	1432	n/a	
79	8725292	n/a	0	0	n/a	N	0	1000	1576	635	13.8	373	846	42568	1576	n/a	1344	1540	n/a	29548	1576	n/a	59992	1576	n/a	
80	8726330	n/a	0	0	n/a	N	0	1000	1596	760	8.37	580	1141	49400	1596	n/a	668	1552	n/a	46092	1596	n/a	65532	1596	n/a	
81	8727227	n/a	0	0	n/a	N	0	0000	92	4.75	0.02	0.04	0.28	4652	92	n/a	48	80	n/a	64	88	n/a	364	92	n/a	
82	8727744	n/a	0	0	n/a	N	0	1000	1612	694	8.77	509	1091	48804	1612	n/a	716	1608	n/a	42508	1612	n/a	65532	1612	n/a	
83	8729052	n/a	0	0	n/a	N	0	1000	1848	710	6.31	443	1291	38748	1848	n/a	476	1816	n/a	30228	1848	n/a	65532	1848	n/a	
84	8729346	n/a	0	0	n/a	N	0	1000	1572	774	8.02	498	1119	51744	1572	n/a	656	1536	n/a	42132	1572	n/a	65532	1572	n/a	
85	8729422	n/a	0	0	n/a	N	0	1000	2264	828	3.04	383	1057	44672	2264	n/a	228	2216	n/a	32680	2260	n/a	65532	2256	n/a	
86	8729525	n/a	0	0	n/a	N	0	0000	64	2.77	0.03	0.02	0.04	3576	64	n/a	56	60	n/a	44	64	n/a	160	48	n/a	
87	8730026	n/a	0	0	n/a	N	0	1000	1992	829	29.4	671	797	47476	1992	n/a	2256	1892	n/a	43860	1992	n/a	53504	1992	n/a	
88	8730586	n/a	0	0	n/a	N	0	0000	1800	557	6.99	278	963	32084	1800	n/a	568	1768	n/a	19272	1800	n/a	61760	1800	n/a	
89	8731883	n/a	0	0	n/a	N	0	1000	1792	654	9.33	621	1071	40168	1792	n/a	700	1752	n/a	54424	1792	n/a	65532	1792	n/a	
90	8731890	n/a	0	0	n/a	N	0	1000	1736	777	35.6	725	988	50856	1736	n/a	2964	1680	n/a	53752	1736	n/a	65532	1736	n/a	
91	8732275	n/a	0	0	n/a	N	0	0000	244	29.6	0.18	2.37	7.04	14196	244	n/a	100	244	n/a	1256	244	n/a	3512	244	n/a	
92	8732520	n/a	0	0	n/a	N	0	0000	172	8.39	0.06	0.06	0.05	4420	172	n/a	72	164	n/a	52	160	n/a	136	76	n/a	
93	8732871	n/a	0	0	n/a	N	0	0000	100	4.71	0.03	0.04	0.05	4048	100	n/a	56	92	n/a	64	100	n/a	192	64	n/a	
94	8732871	n/a	0	0	n/a	N	0	0000	76	3.30	0.02	0.02	0.01	3612	76	n/a	40	68	n/a	48	60	n/a	64	28	n/a	
95	8733049	n/a	0	0	n/a	N	0	1000	1936	825	5.04	150	624	46016	1936	n/a	332	1900	n/a	11200	1936	n/a	42260	1936	n/a	
96	8733943	n/a	0	0	n/a	N	0	1000	1452	675	15.1	529	683	49284	1452	n/a	1380	1384	n/a	47064	1452	n/a	60396	1452	n/a	
97	8734274	n/a	0	0	n/a	N	0	0000	176	9.69	0.07	0.07	0.09	5040	176	n/a	56	176	n/a	56	172	n/a	120	136	n/a	
98	8734380	n/a	0	0	n/a	N	0	0000	324	25.6	0.13	0.14	10.9	10076	324	n/a	68	320	n/a	68	320	n/a	4932	324	n/a	
99	8734745	n/a	0	0	n/a	N	0	1000	1828	907	6.12	300	1183	51900	1828	n/a	488	1776	n/a	21492	1828	n/a	65532	1828	n/a	
100	8735099	n/a	0	0	n/a	N	0	0000	1212	444	5.79	186	333	44484	1212	n/a	632	1208	n/a	18884	1212	n/a	33472	1212	n/a	
101	8735997	n/a	0	0	n/a	N	0	1000	1404	792	4.33	219	908	60628	1404	n/a	392	1352	n/a	17884	1404	n/a	65532	1404	n/a	
102	8737324	n/a	0	0	n/a	N	0	0000	1660	594	8.35	231	434	39280	1660	n/a	644	1624	n/a	16464	1660	n/a	31780	1660	n/a	
103	8737485	n/a	0	0	n/a	N	0	1000	1636	810	10.9	345	601	58296	1636	n/a	816	1584	n/a	25748	1636	n/a	46952	1636	n/a	
104	8737886	n/a	0	0	n/a	N	0	1000	1704	640	8.86	394	1057	38988	1704	n/a	700	1660	n/a	28644	1704	n/a	65532	1704	n/a	
105	8738055	n/a	0	0	n/a	N	0	1000	1684	796	4.07	166	676	48560	1684	n/a	332	1648	n/a	12380	1684	n/a	50160	1684	n/a	
106	8738351	n/a	0	0	n/a	N	0	1000	1812	745	11.7	427	816	43312	1812	n/a	824	1760	n/a	28908	1812	n/a	56424	1812	n/a	
107	8738513	n/a	0	0	n/a	N	0	1000	1720	699	9.07	322	1060	41624	1720	n/a	692	1652	n/a	23028	1720	n/a	65532	1720	n/a	
108	8739073	n/a	0	0	n/a	N	0	1000	1692	811	4.52	237	1053	52796	1692	n/a	364	1640	n/a	17168	1692	n/a	65532	1692	n/a	
109	8739694	n/a	0	0	n/a	N	0	0000	96	4.84	0.03	0.02	0.04	4468	96	n/a	48	92	n/a	48	88	n/a	108	68	n/a	
110	8739904	n/a	0	0	n/a	N	0	0000	284	14.3	0.11	0.08	0.19	4816	284	n/a	72	280	n/a	64	276	n/a	156	236	n/a	
111	8739948	n/a	0	0	n/a	N	0	1000	1816	906	6.16	127	564	54824	1816	n/a	460	1772	n/a	9652	1816	n/a	41352	1816	n/a	
112	8740115	n/a	0	0	n/a	N	0	1000	2068	763	5.02	188	696	42696	2068	n/a	332	2040	n/a	13308	2068	n/a	48880	2068	n/a	
113	8740160	n/a	0	0	n/a	N	0	1000	2580	1358	10.4	407	1699	65532	2580	n/a	892	2556	n/a	21760	2580	n/a	65532	2580	n/a	
114	8740186	n/a	0	0	n/a	N	0	1000	1556	647	2.33	434	1098	44628	1556	n/a	228	1524	n/a	37380	1556	n/a	65532	1556	n/a	
115	8740647	n/a	0	0	n/a	N	0	1000	1676	684	8.98	339	1076	41348	1676	n/a	748	1644	n/a	24052	1676	n/a	65532	1676	n/a	
116	8740838	n/a	0	0	n/a	N	0	0000	152	9.79	0.20	1.48	3.46	6268	152	n/a	148	152	n/a	1052	152	n/a	2428	152	n/a	
117	8742182	n/a	0	0	n/a	N	0	1000	1312	670	2.14	153	633	55668	1312	n/a	232	1276	n/a	15308	1312	n/a	60840	1312	n/a	
118	8742183	n/a	0	0	n/a	N	0	1000	1560	797	7.37	161	575	56184	1560	n/a	688	1532	n/a	15060	1560	n/a	48588	1560	n/a	
119	8743229	n/a	0	0	n/a	N	0	0000	96	4.19	0.04	0.04	0.02	3588	96	n/a	60	96	n/a	52	96	n/a	68	44	n/a	
120	8743425	n/a	0	0	n/a	N	0	1000	1604	816	19.7	614	1087	60224	1604	n/a	1732	1536	n/a	53732	1604	n/a	65532	1604	n/a	
121	8743760	n/a	0	0	n/a	N	0	1000	1840	938	27.5	603	1238	55048	1840	n/a	2176	1776	n/a	47484	1840	n/a	65532	1840	n/a	
122	8744242	n/a	0	0	n/a	N	0	0000	76	3.78	0.03	0.05	0.10	4348	76	n/a	52	76	n/a	88	76	n/a	164	76	n/a	
123	8745303	n/a	0	0	n/a	N	0	1000	1404	830	20.5	494	965	65532	1404	n/a	1960	1300	n/a	49088	1404	n/a	65532	1404	n/a	
124	8746051	n/a	0	0	n/a	N	0	0000	252	13.6	0.17	0.57	0.93	4796	252	n/a	88	248	n/a	252	252	n/a	484	252	n/a	
125	8746119	n/a	0	0	n/a	N	0	1000	1732	866	5.22	138	683	54096	1732	n/a	368	1688	n/a	11280	1732	n/a	54056	1732	n/a	
126	8746294	n/a	0	0	n/a	N	0	1000	1508	623	3.46	80.8	387	43984	1508	n/a	292	1476	n/a	6980	1508	n/a	34984	1508	n/a	
127	8746354	n/a	0	0	n/a	N	0	1000	2092	702	11.8	396	791	35244	2092	n/a	724	2044	n/a	22580	2092	n/a	45184	2092	n/a	
128	8746356	n/a	0	0	n/a	N	0	0000	1392	499	6.38	234	550	40108	1392	n/a	580	1372	n/a	18972	1392	n/a	44892	1392	n/a	
129	8746357	n/a	0	0	n/a	N	0	0000	612	71.7	0.45	0.96	3.46	15164	612	n/a	132	592	n/a	264	580	n/a	1020	608	n/a	
130	8747740	n/a	0	0	n/a	N	0	1000	1844	994	6.68	295	1092	58112	1844	n/a	516	1772	n/a	24380	1844	n/a	65532	1844	n/a	
131	8747765	n/a	0	0	n/a	N	0	1000	1864	793	24.8	826	1168	45472	1864	n/a	2020	1812	n/a	64476	1864	n/a	65532	1864	n/a	
132	8747768	n/a	0	0	n/a	N	0	1000	1448	786	25.9	445	921	57788	1448	n/a	2220	1392	n/a	38324	1448	n/a	65532	1448	n/a	
133	8748190	n/a	0	0	n/a	N	0	1000	1824	703	2.85	65.3	248	43276	1824	n/a	284	1780	n/a	6276	1824	n/a	18308	1824	n/a	
134	8748894	n/a	0	0	n/a	N	0	0000	1440	344	1.90	202	775	25660	1440	n/a	180	1420	n/a	22180	1440	n/a	65532	1440	n/a	
135	8748898	n/a	0	0	n/a	N	0	0000	1548	565	5.78	252	963	37148	1548	n/a	596	1504	n/a	20320	1548	n/a	65532	1548	n/a	
136	8750098	n/a	0	0	n/a	N	0	0000	1716	591	12.1	391	631	37044	1716	n/a	904	1660	n/a	26892	1716	n/a	46212	1716	n/a	
137	8750151	n/a	0	0	n/a	N	0	1000	2116	1163	6.55	164	716	59216	2116	n/a	380	2076	n/a	10152	2116	n/a	43232	2116	n/a	
138	8751129	n/a	0	0	n/a	N	0	1000	1660	779	12.1	558	1160	49012	1660	n/a	1080	1612	n/a	45256	1660	n/a	65532	1660	n/a	
139	8751364	n/a	0	0	n/a	N	0	1000	1792	664	4.95	400	1064	42716	1792	n/a	396	1724	n/a	28492	1792	n/a	65532	1792	n/a	
140	8751369	n/a	0	0	n/a	N	0	0000	3168	756	13.7	463	958	43116	3168	n/a	1160	2932	n/a	38864	3088	n/a	65532	3032	n/a	
141	8751378	n/a	0	0	n/a	N	0	1000	1352	622	8.05	226	497	54292	1352	n/a	836	1312	n/a	22348	1352	n/a	47324	1352	n/a	
142	8751384	n/a	0	0	n/a	N	0	0000	1840	648	4.87	227	1046	39108	1840	n/a	360	1828	n/a	17084	1840	n/a	65532	1840	n/a	
143	8751398	n/a	0	0	n/a	N	0	0000	1576	549	9.81	326	815	39308	1576	n/a	1148	1484	n/a	36076	1576	n/a	65532	1576	n/a	
144	8751403	n/a	0	0	n/a	N	0	1000	1616	642	10.1	713	932	45852	1616	n/a	972	1596	n/a	62412	1616	n/a	65532	1616	n/a	
145	8751406	n/a	0	0	n/a	N	0	0000	5996	942	3.85	182	909	44564	5996	n/a	380	5876	n/a	17148	5992	n/a	65532	5980	n/a	
146	8751410	n/a	0	0	n/a	N	0	1000	2392	1310	42.4	1296	1672	57092	2392	n/a	2380	2316	n/a	65532	2392	n/a	65532	2392	n/a	
147	8751410	n/a	0	0	n/a	N	0	1000	1456	781	3.56	112	451	59684	1456	n/a	360	1344	n/a	11936	1344	n/a	47248	1452	n/a	
148	8751676	n/a	0	0	n/a	N	0	1000	1816	696	4.81	362	1135	38508	1816	n/a	368	1772	n/a	24960	1816	n/a	65532	1816	n/a	
149	8751898	n/a	0	0	n/a	N	0	0000	84	3.85	0.03	0.03	0.05	3840	84	n/a	64	80	n/a	48	84	n/a	152	64	n/a	
150	8752738	n/a	0	0	n/a	N	0	0000	92	4.22	0.02	0.02	0.03	3864	92	n/a	44	68	n/a	36	84	n/a	128	44	n/a	
151	8752834	n/a	0	0	n/a	N	0	1000	1600	971	19.7	550	1112	65532	1600	n/a	1608	1516	n/a	49436	1600	n/a	65532	1600	n/a	
152	8752958	n/a	0	0	n/a	N	0	1000	1636	736	15.5	501	1084	48816	1636	n/a	1436	1592	n/a	36832	1636	n/a	65532	1636	n/a	
153	8753569	n/a	0	0	n/a	N	0	0000	1448	402	2.77	115	588	29908	1448	n/a	284	1432	n/a	11068	1448	n/a	53208	1448	n/a	
154	8754135	n/a	0	0	n/a	N	0	1000	1888	807	4.41	78.8	396	44144	1888	n/a	312	1844	n/a	5468	1884	n/a	27516	1888	n/a	
155	8754180	n/a	0	0	n/a	N	0	0000	1156	437	5.79	248	701	40564	1156	n/a	704	1128	n/a	29092	1156	n/a	65532	1156	n/a	
156	8754495	n/a	0	0	n/a	N	0	0000	1340	465	10.9	292	470	38572	1340	n/a	1188	1308	n/a	29016	1340	n/a	43172	1340	n/a	
157	8755081	n/a	0	0	n/a	N	0	1000	1644	654	6.96	375	1072	40660	1644	n/a	612	1600	n/a	29532	1644	n/a	65532	1644	n/a	
158	8755548	n/a	0	0	n/a	N	0	1000	1800	834	27.2	585	1063	51648	1800	n/a	1956	1736	n/a	43428	1800	n/a	65532	1800	n/a	
159	8755608	n/a	0	0	n/a	N	0	0000	560	39.2	0.16	0.16	0.15	8232	560	n/a	56	508	n/a	60	496	n/a	132	280	n/a	
160	8755861	n/a	0	0	n/a	N	0	1000	1884	689	2.84	163	684	40320	1884	n/a	204	1844	n/a	12440	1884	n/a	49008	1884	n/a	
161	8756867	n/a	0	0	n/a	N	0	1000	1548	664	12.7	318	606	45688	1548	n/a	1172	1488	n/a	25724	1548	n/a	45740	1548	n/a	
162	8756892	n/a	0	0	n/a	N	0	1000	1640	740	13.1	560	956	48276	1640	n/a	1264	1580	n/a	45980	1640	n/a	65532	1640	n/a	
163	8757061	n/a	0	0	n/a	N	0	0000	216	14.1	0.08	0.06	0.04	6384	216	n/a	64	204	n/a	52	200	n/a	108	84	n/a	
164	8757062	n/a	0	0	n/a	N	0	0010	1000	71.9	0.32	0.25	0.22	7764	1000	n/a	72	952	n/a	56	892	n/a	104	504	n/a	
165	8757178	n/a	0	0	n/a	N	0	1000	1776	923	3.98	86.5	513	55600	1776	n/a	292	1744	n/a	7104	1776	n/a	38424	1776	n/a	
166	8757179	n/a	0	0	n/a	N	0	1000	1948	1106	10.5	488	1316	58916	1948	n/a	824	1880	n/a	34788	1948	n/a	65532	1948	n/a	
167	8757189	n/a	0	0	n/a	N	0	0000	1456	525	2.95	81.0	293	39600	1456	n/a	288	1440	n/a	7676	1456	n/a	28252	1456	n/a	
168	8757380	n/a	0	0	n/a	N	0	1000	1724	634	3.52	88.2	452	39096	1724	n/a	340	1652	n/a	7692	1724	n/a	38232	1724	n/a	
169	8757471	n/a	0	0	n/a	N	0	0000	200	10.8	0.06	0.04	0.01	5276	200	n/a	56	188	n/a	40	156	n/a	64	40	n/a	
170	8757632	n/a	0	0	n/a	N	0	1000	1636	743	5.95	231	928	46248	1636	n/a	468	1604	n/a	17132	1636	n/a	65532	1636	n/a	
171	8757929	n/a	0	0	n/a	N	0	1000	1780	689	11.7	469	696	40540	1780	n/a	836	1748	n/a	31872	1780	n/a	48412	1780	n/a	
172	8758117	n/a	0	0	n/a	N	0	0000	88	4.08	0.02	0.18	0.74	3932	88	n/a	36	84	n/a	188	88	n/a	856	88	n/a	
173	8759253	n/a	0	0	n/a	N	0	0000	116	5.89	0.05	0.03	0.02	4388	116	n/a	60	112	n/a	40	112	n/a	44	68	n/a	
174	8759405	n/a	0	0	n/a	N	0	1000	1972	705	3.30	91.0	426	36804	1972	n/a	220	1880	n/a	6868	1936	n/a	30236	1972	n/a	
175	8759426	n/a	0	0	n/a	N	0	1000	1636	750	25.0	556	873	51236	1636	n/a	2024	1576	n/a	39908	1636	n/a	64512	1636	n/a	
176	8760011	n/a	0	0	n/a	N	0	0000	1452	449	8.09	255	578	34332	1452	n/a	672	1416	n/a	20968	1452	n/a	46608	1452	n/a	
177	8761019	n/a	0	0	n/a	N	0	0000	344	19.3	0.11	0.08	0.13	5368	344	n/a	64	328	n/a	52	292	n/a	136	204	n/a	
178	8761173	n/a	0	0	n/a	N	0	1000	1884	863	7.89	318	1222	47836	1884	n/a	560	1820	n/a	23060	1884	n/a	65532	1884	n/a	
179	8761174	n/a	0	0	n/a	N	0	1000	1752	651	3.29	131	572	38696	1752	n/a	252	1700	n/a	9800	1752	n/a	41592	1752	n/a	
180	8762148	n/a	0	0	n/a	N	0	0000	220	11.4	0.07	0.06	0.18	4736	220	n/a	56	212	n/a	52	208	n/a	212	200	n/a	
181	8762210	n/a	0	0	n/a	N	0	0000	1840	536	5.51	232	651	32132	1840	n/a	404	1800	n/a	16344	1840	n/a	43264	1840	n/a	
182	8762925	n/a	0	0	n/a	N	0	0000	1124	307	0.96	77.4	318	29192	1124	n/a	140	1100	n/a	11332	1124	n/a	42060	1124	n/a	
183	8762926	n/a	0	0	n/a	N	0	0000	1716	498	2.91	270	1005	32760	1716	n/a	240	1688	n/a	23348	1716	n/a	65532	1716	n/a	
184	8762927	n/a	0	0	n/a	N	0	1000	1980	887	8.57	212	702	48768	1980	n/a	652	1936	n/a	16668	1980	n/a	50480	1980	n/a	
185	8762928	n/a	0	0	n/a	N	0	0000	1276	337	1.69	11.7	85.8	34892	1276	n/a	188	1236	n/a	1132	1268	n/a	8540	1276	n/a	
186	8762993	n/a	0	0	n/a	N	0	0000	84	4.91	0.03	0.03	0.03	5432	84	n/a	44	84	n/a	52	76	n/a	96	48	n/a	
187	8763202	n/a	0	0	n/a	N	0	1000	1748	655	5.71	288	1123	37104	1748	n/a	472	1688	n/a	19556	1748	n/a	65532	1748	n/a	
188	8763366	n/a	0	0	n/a	N	0	1000	1740	862	20.8	901	1229	55272	1740	n/a	1748	1696	n/a	65532	1740	n/a	65532	1740	n/a	
189	8763986	n/a	0	0	n/a	N	0	0000	76	3.79	0.03	0.05	0.12	4372	76	n/a	60	76	n/a	80	76	n/a	212	68	n/a	
190	8764142	n/a	0	0	n/a	N	0	0000	2952	1458	7.92	397	1305	50764	2952	n/a	620	2828	n/a	34056	2940	n/a	65532	2952	n/a	
191	8764144	n/a	0	0	n/a	N	0	1000	1280	615	2.53	56.7	259	54412	1280	n/a	264	1244	n/a	6032	1280	n/a	26492	1280	n/a	
192	8764497	n/a	0	0	n/a	N	0	1000	1456	817	24.1	596	1015	60372	1456	n/a	2532	1388	n/a	55576	1456	n/a	65532	1456	n/a	
193	8765319	n/a	0	0	n/a	N	0	0000	100	4.66	0.24	0.58	0.26	3948	100	n/a	220	100	n/a	544	100	n/a	312	100	n/a	
194	8765634	n/a	0	0	n/a	N	0	0000	1736	547	2.09	85.2	438	38628	1736	n/a	200	1704	n/a	6552	1736	n/a	34144	1736	n/a	
195	8765672	n/a	0	0	n/a	N	0	0000	1300	380	2.15	125	564	34040	1300	n/a	260	1296	n/a	12556	1300	n/a	54964	1300	n/a	
196	8766270	n/a	0	0	n/a	N	0	0000	1400	526	12.2	341	535	43100	1400	n/a	1048	1368	n/a	28336	1400	n/a	43692	1400	n/a	
197	8766273	n/a	0	0	n/a	N	0	1000	1668	657	12.2	343	678	43916	1668	n/a	908	1628	n/a	24136	1668	n/a	53300	1668	n/a	
198	8766312	n/a	0	0	n/a	N	0	0000	116	5.35	0.04	0.03	0.03	3924	116	n/a	56	108	n/a	36	112	n/a	128	52	n/a	
199	8766550	n/a	0	0	n/a	N	0	1000	1404	681	16.0	343	732	52016	1404	n/a	1400	1336	n/a	37488	1404	n/a	65532	1404	n/a	
200	8767114	n/a	0	0	n/a	N	0	0000	60	2.62	0.03	0.03	0.02	3600	60	n/a	76	60	n/a	56	60	n/a	128	44	n/a	
201	8767222	n/a	0	0	n/a	N	0	1000	1752	862	24.3	671	1140	53564	1752	n/a	2276	1688	n/a	51832	1752	n/a	65532	1752	n/a	
202	8767264	n/a	0	0	n/a	N	0	1000	1624	705	6.12	281	950	43636	1624	n/a	516	1580	n/a	21896	1624	n/a	65532	1624	n/a	
203	8767265	n/a	0	0	n/a	N	0	0000	1508	525	1.61	48.0	311	38740	1508	n/a	152	1460	n/a	4264	1508	n/a	28888	1508	n/a	
204	8768047	n/a	0	0	n/a	N	0	0000	92	4.69	0.04	0.13	0.67	4516	92	n/a	52	92	n/a	156	92	n/a	736	92	n/a	
205	8768174	n/a	0	0	n/a	N	0	1000	1624	675	6.81	288	1003	43928	1624	n/a	596	1576	n/a	22816	1624	n/a	65532	1624	n/a	
206	8768175	n/a	0	0	n/a	N	0	1000	1876	1059	17.7	619	1300	62148	1876	n/a	1228	1828	n/a	44052	1876	n/a	65532	1876	n/a	
207	8769501	n/a	0	0	n/a	N	0	1000	1956	926	5.01	144	574	49256	1956	n/a	352	1900	n/a	10768	1956	n/a	38576	1956	n/a	
208	8769506	n/a	0	0	n/a	N	0	1000	1916	852	4.02	231	806	44004	1916	n/a	304	1884	n/a	18028	1916	n/a	57920	1916	n/a	
209	8769510	n/a	0	0	n/a	N	0	1000	1460	663	4.72	111	455	49096	1460	n/a	448	1424	n/a	11920	1460	n/a	46928	1460	n/a	
210	8769864	n/a	0	0	n/a	N	0	0000	188	13.0	1.27	4.82	1.96	6904	188	n/a	860	188	n/a	2968	188	n/a	1188	188	n/a	
211	8770149	n/a	0	0	n/a	N	0	1000	1524	899	17.7	600	1046	65532	1524	n/a	1540	1464	n/a	49784	1524	n/a	65532	1524	n/a	
212	8770771	n/a	0	0	n/a	N	0	1000	1784	977	22.3	509	1159	57708	1784	n/a	1684	1712	n/a	35668	1784	n/a	65532	1784	n/a	
213	8771250	n/a	0	0	n/a	N	0	1000	1796	755	15.3	513	685	44832	1796	n/a	1220	1748	n/a	35668	1796	n/a	48596	1796	n/a	
214	8771439	n/a	0	0	n/a	N	0	0000	340	26.7	0.17	1.14	4.80	8068	340	n/a	72	340	n/a	424	340	n/a	1832	340	n/a	
215	8771497	n/a	0	0	n/a	N	0	1000	1204	664	3.71	114	491	62016	1204	n/a	500	1152	n/a	17308	1204	n/a	65532	1204	n/a	
216	8771536	n/a	0	0	n/a	N	0	0000	1316	355	1.57	122	465	30228	1316	n/a	180	1316	n/a	13108	1316	n/a	50056	1316	n/a	
217	8771895	n/a	0	0	n/a	N	0	1000	1940	846	7.40	133	828	48376	1940	n/a	516	1876	n/a	8980	1940	n/a	51880	1940	n/a	
218	8772329	n/a	0	0	n/a	N	0	1000	1548	671	4.14	133	506	46864	1548	n/a	340	1508	n/a	12616	1548	n/a	45416	1548	n/a	
219	8772333	n/a	0	0	n/a	N	0	1000	1624	792	5.07	167	698	52708	1624	n/a	448	1592	n/a	14804	1624	n/a	59704	1624	n/a	
220	8772334	n/a	0	0	n/a	N	0	1001	1608	1110	3.29	142	610	65532	1608	n/a	292	1496	n/a	12144	1608	n/a	47860	1608	n/a	
221	8772334	n/a	0	0	n/a	N	0	0010	1320	148	0.17	0.08	0.70	16632	1320	n/a	60	768	n/a	92	300	n/a	368	540	n/a	
222	8772335	n/a	0	0	n/a	N	0	0000	1532	462	1.46	148	700	32120	1532	n/a	164	1488	n/a	13448	1532	n/a	64612	1532	n/a	
223	8772336	n/a	0	0	n/a	N	0	1000	1144	559	2.61	78.7	323	52408	1144	n/a	340	1124	n/a	11816	1144	n/a	42884	1144	n/a	
224	8772636	n/a	0	0	n/a	N	0	0000	740	54.8	0.28	0.20	0.04	9912	740	n/a	64	716	n/a	64	628	n/a	56	160	n/a	
225	8772714	n/a	0	0	n/a	N	0	0000	80	4.02	0.03	0.06	0.18	4388	80	n/a	48	80	n/a	88	80	n/a	324	80	n/a	
226	8772732	n/a	0	0	n/a	N	0	1000	1420	849	4.58	435	968	65532	1420	n/a	468	1380	n/a	46408	1420	n/a	65532	1420	n/a	
227	8772734	n/a	0	0	n/a	N	0	1000	1804	679	5.32	324	1095	42880	1804	n/a	460	1744	n/a	24404	1804	n/a	65532	1804	n/a	
228	8772735	n/a	0	0	n/a	N	0	0000	2972	1637	13.2	659	1903	54408	2972	n/a	1104	2724	n/a	39180	2800	n/a	65532	2920	n/a	
229	8772737	n/a	0	0	n/a	N	0	0000	2872	1003	12.0	819	1797	36716	2872	n/a	868	2752	n/a	45440	2872	n/a	65532	2872	n/a	
230	8772738	n/a	0	0	n/a	N	0	0000	2924	1745	7.89	451	1770	65532	2924	n/a	624	2776	n/a	31240	2924	n/a	65532	2924	n/a	
231	8773129	n/a	0	0	n/a	N	0	1000	1364	606	3.51	158	688	49952	1364	n/a	340	1328	n/a	16412	1364	n/a	65532	1364	n/a	
232	8773232	n/a	0	0	n/a	N	0	0000	124	6.21	0.07	0.14	0.22	4444	124	n/a	80	124	n/a	136	124	n/a	332	124	n/a	
233	8773523	n/a	0	0	n/a	N	0	1000	1396	611	5.52	182	565	46492	1396	n/a	496	1344	n/a	17952	1396	n/a	52232	1396	n/a	
234	8773525	n/a	0	0	n/a	N	0	1000	1700	773	3.70	118	478	46788	1700	n/a	284	1656	n/a	11164	1700	n/a	39320	1700	n/a	
235	8773527	n/a	0	0	n/a	N	0	1000	1428	699	4.39	122	537	53740	1428	n/a	424	1388	n/a	12068	1428	n/a	54284	1428	n/a	
236	8773530	n/a	0	0	n/a	N	0	1000	1452	630	2.02	33.4	303	45380	1452	n/a	232	1384	n/a	3200	1412	n/a	27184	1452	n/a	
237	8773535	n/a	0	0	n/a	N	0	1000	1920	883	4.76	98.3	497	51460	1920	n/a	316	1900	n/a	6568	1920	n/a	34020	1920	n/a	
238	8773537	n/a	0	0	n/a	N	0	1000	1652	956	4.91	184	827	58816	1652	n/a	428	1576	n/a	14484	1652	n/a	61900	1652	n/a	
239	8773538	n/a	0	0	n/a	N	0	1000	1396	611	4.86	117	415	45096	1396	n/a	504	1372	n/a	12608	1396	n/a	41392	1396	n/a	
240	8775559	n/a	0	0	n/a	N	0	1000	1652	774	4.26	244	898	51328	1652	n/a	360	1624	n/a	19932	1652	n/a	65532	1652	n/a	
241	8775859	n/a	0	0	n/a	N	0	1000	1520	856	5.50	290	922	63164	1520	n/a	608	1472	n/a	28124	1520	n/a	65532	1520	n/a	
242	8775861	n/a	0	0	n/a	N	0	1000	1680	678	11.8	539	905	43228	1680	n/a	972	1632	n/a	40536	1680	n/a	65532	1680	n/a	
243	8775864	n/a	0	0	n/a	N	0	1000	2228	859	26.9	458	839	65532	2228	n/a	3068	1372	n/a	47488	1932	n/a	65532	2184	n/a	
244	8775869	n/a	0	0	n/a	N	0	1000	1912	1060	16.0	720	1357	57228	1912	n/a	1104	1844	n/a	49072	1912	n/a	65532	1912	n/a	
245	8776581	n/a	0	0	n/a	N	0	1000	1928	736	4.00	98.8	429	39520	1928	n/a	288	1872	n/a	6748	1928	n/a	28196	1928	n/a	
246	8777198	n/a	0	0	n/a	N	0	1000	1520	673	4.47	151	675	47020	1520	n/a	404	1488	n/a	15164	1520	n/a	64624	1520	n/a	
247	8777283	n/a	0	0	n/a	N	0	1000	1756	831	13.3	392	913	51584	1756	n/a	1168	1696	n/a	28264	1756	n/a	65532	1756	n/a	
248	8777296	n/a	0	0	n/a	N	0	0000	308	29.3	0.11	0.09	0.00	10692	308	n/a	64	288	n/a	56	268	n/a	24	20	n/a	
249	8777337	n/a	0	0	n/a	N	0	1000	1684	850	18.2	461	1156	56008	1684	n/a	1692	1632	n/a	34672	1684	n/a	65532	1684	n/a	
250	8777544	n/a	0	0	n/a	N	0	1000	1684	659	7.52	379	1135	42036	1684	n/a	564	1648	n/a	28492	1684	n/a	65532	1684	n/a	
251	8777579	n/a	0	0	n/a	N	0	1000	1368	653	3.89	105	493	55160	1368	n/a	372	1332	n/a	10904	1368	n/a	50020	1368	n/a	
252	8777831	n/a	0	0	n/a	N	0	1000	2084	1106	23.2	602	1504	56060	2084	n/a	1308	2020	n/a	33220	2084	n/a	65532	2084	n/a	
253	8777983	n/a	0	0	n/a	N	0	0000	1440	565	2.42	108	534	50192	1440	n/a	236	1416	n/a	10672	1440	n/a	55036	1440	n/a	
254	8778022	n/a	0	0	n/a	N	0	1000	1972	711	2.67	113	569	46076	1972	n/a	228	1740	n/a	10132	1784	n/a	47540	1972	n/a	
255	8778023	n/a	0	0	n/a	N	0	1000	1380	803	9.60	325	912	63180	1380	n/a	1112	1320	n/a	34916	1380	n/a	65532	1380	n/a	
256	8778062	n/a	0	0	n/a	N	0	1000	1604	680	4.48	198	868	44800	1604	n/a	352	1576	n/a	16788	1604	n/a	65532	1604	n/a	
257	8778668	n/a	0	0	n/a	N	0	1000	1764	801	4.07	152	663	48144	1764	n/a	340	1712	n/a	13700	1764	n/a	53532	1764	n/a	
258	8778823	n/a	0	0	n/a	N	0	0000	200	11.2	0.34	0.33	0.28	5448	200	n/a	276	200	n/a	236	200	n/a	288	200	n/a	
259	8780441	n/a	0	0	n/a	N	0	1000	1660	746	11.8	434	895	48480	1660	n/a	1108	1616	n/a	33588	1660	n/a	58152	1660	n/a	
260	8781026	n/a	0	0	n/a	N	0	1000	1720	902	5.50	187	920	54244	1720	n/a	468	1636	n/a	14244	1720	n/a	65532	1720	n/a	
261	8781079	n/a	0	0	n/a	N	0	1000	1572	699	3.15	187	873	49916	1572	n/a	304	1524	n/a	15680	1572	n/a	65532	1572	n/a	
262	8781364	n/a	0	0	n/a	N	0	0000	236	15.8	0.06	0.06	0.24	7184	236	n/a	64	208	n/a	44	216	n/a	176	216	n/a	
263	8781402	n/a	0	0	n/a	N	0	0000	1632	603	15.7	332	569	38772	1632	n/a	1332	1564	n/a	24096	1632	n/a	40248	1632	n/a	
264	8781701	n/a	0	0	n/a	N	0	1000	2100	763	9.96	434	1141	41080	2100	n/a	692	2036	n/a	27676	2100	n/a	65088	2100	n/a	
265	8781761	n/a	0	0	n/a	N	0	1000	1296	691	5.59	353	806	58896	1296	n/a	548	1272	n/a	33492	1296	n/a	65532	1296	n/a	
266	8782073	n/a	0	0	n/a	N	0	0000	156	9.08	0.05	0.10	0.31	5280	156	n/a	48	148	n/a	92	156	n/a	304	156	n/a	
267	8783083	n/a	0	0	n/a	N	0	0000	80	3.74	0.03	0.05	0.11	3984	80	n/a	60	76	n/a	68	80	n/a	232	80	n/a	
268	8783301	n/a	0	0	n/a	N	0	1000	1704	755	14.4	296	684	51188	1704	n/a	1184	1644	n/a	22760	1704	n/a	48036	1704	n/a	
269	8783703	n/a	0	0	n/a	N	0	0000	864	66.9	0.28	0.23	0.77	9212	864	n/a	72	804	n/a	68	756	n/a	264	792	n/a	
270	8783703	n/a	0	0	n/a	N	0	0000	184	8.73	0.05	0.02	0.16	4092	184	n/a	48	180	n/a	36	108	n/a	272	164	n/a	
271	8784001	n/a	0	0	n/a	N	0	0000	304	15.4	1.64	6.29	1.88	4376	304	n/a	516	304	n/a	1944	304	n/a	704	304	n/a	
272	8784002	n/a	0	0	n/a	N	0	1000	1576	780	17.9	453	982	53836	1576	n/a	1684	1512	n/a	43080	1576	n/a	65532	1576	n/a	
273	8785623	n/a	0	0	n/a	N	0	1000	1984	950	48.9	845	1168	56120	1984	n/a	3452	1924	n/a	54400	1984	n/a	65532	1984	n/a	
274	8785628	n/a	0	0	n/a	N	0	0000	1908	582	10.7	353	786	32320	1908	n/a	828	1864	n/a	23268	1908	n/a	48488	1908	n/a	
275	8785696	n/a	0	0	n/a	N	0	0000	412	29.1	0.87	0.86	0.29	7240	412	n/a	380	412	n/a	340	412	n/a	252	304	n/a	
276	8785845	n/a	0	0	n/a	N	0	1000	1992	1164	19.5	550	1404	61112	1992	n/a	1408	1924	n/a	34312	1992	n/a	65532	1992	n/a	
277	8785852	n/a	0	0	n/a	N	0	0000	436	47.4	0.38	1.30	5.33	11772	436	n/a	120	432	n/a	416	436	n/a	1732	436	n/a	
278	8786007	n/a	0	0	n/a	N	0	0000	80	3.94	0.03	0.04	0.07	4300	80	n/a	60	80	n/a	68	80	n/a	148	72	n/a	
279	8786126	n/a	0	0	n/a	N	0	0000	1724	590	5.18	446	1141	36604	1724	n/a	472	1688	n/a	35704	1724	n/a	65532	1724	n/a	
280	8786218	n/a	0	0	n/a	N	0	0000	92	4.17	0.02	0.03	0.03	3828	92	n/a	48	72	n/a	56	76	n/a	136	48	n/a	
281	8786236	n/a	0	0	n/a	N	0	1000	1764	661	4.26	477	947	38136	1764	n/a	624	1724	n/a	37880	1764	n/a	65532	1764	n/a	
282	8786310	n/a	0	0	n/a	N	0	1000	2060	1091	27.4	885	1464	58464	2060	n/a	1888	2004	n/a	58224	2060	n/a	65532	2060	n/a	
283	8786432	n/a	0	0	n/a	N	0	1000	1516	738	4.30	121	537	53476	1516	n/a	360	1468	n/a	11308	1516	n/a	49556	1516	n/a	
284	8786550	n/a	0	0	n/a	N	0	1000	1504	839	15.5	715	1058	62684	1504	n/a	1440	1476	n/a	65532	1504	n/a	65532	1504	n/a	
285	8786736	n/a	0	0	n/a	N	0	1000	1308	594	2.16	107	516	49800	1308	n/a	232	1276	n/a	10540	1308	n/a	53784	1308	n/a	
286	8786744	n/a	0	0	n/a	N	0	1000	2008	974	21.9	730	1328	52560	2008	n/a	1324	1988	n/a	46856	2008	n/a	65532	2008	n/a	
287	8786776	n/a	0	0	n/a	N	0	0000	1492	500	2.45	101	444	37256	1492	n/a	236	1468	n/a	11456	1492	n/a	49216	1492	n/a	
288	8786777	n/a	0	0	n/a	N	0	1000	1356	579	3.50	145	550	46424	1356	n/a	364	1288	n/a	15960	1356	n/a	59100	1356	n/a	
289	8786805	n/a	0	0	n/a	N	0	0000	152	8.54	0.14	0.26	0.36	5108	152	n/a	108	152	n/a	192	152	n/a	304	152	n/a	
290	8787447	n/a	0	0	n/a	N	0	0000	204	15.7	0.16	1.35	4.47	7840	204	n/a	112	204	n/a	776	204	n/a	2924	204	n/a	
291	8787644	n/a	0	0	n/a	N	0	0000	160	9.23	0.38	2.21	2.12	5372	160	n/a	276	160	n/a	1440	160	n/a	1460	160	n/a	
292	8788144	n/a	0	0	n/a	N	0	1000	1776	919	25.4	783	1255	55140	1776	n/a	2124	1728	n/a	55032	1776	n/a	65532	1776	n/a	
293	8788216	n/a	0	0	n/a	N	0	0000	236	14.4	0.08	0.06	0.13	6356	236	n/a	68	228	n/a	44	220	n/a	268	168	n/a	
294	8788602	n/a	0	0	n/a	N	0	0000	592	52.2	0.21	0.19	0.49	9920	592	n/a	64	572	n/a	60	568	n/a	196	532	n/a	
295	8791734	n/a	0	0	n/a	N	0	0000	2236	660	3.25	369	1154	37840	2236	n/a	260	2156	n/a	28220	2236	n/a	65532	2236	n/a	
296	8792141	n/a	0	0	n/a	N	0	0000	124	5.91	0.04	0.03	0.02	4180	124	n/a	40	124	n/a	44	112	n/a	80	64	n/a	
297	8792349	n/a	0	0	n/a	N	0	0000	484	33.3	0.15	0.12	0.07	6972	484	n/a	56	452	n/a	52	452	n/a	92	140	n/a	
298	8793192	n/a	0	0	n/a	N	0	0000	1396	527	2.89	161	641	38520	1396	n/a	348	1356	n/a	17072	1396	n/a	63472	1396	n/a	
299	8793503	n/a	0	0	n/a	N	0	1000	1288	631	4.33	283	898	54808	1288	n/a	476	1272	n/a	29368	1288	n/a	65532	1288	n/a	
300	8793765	n/a	0	0	n/a	N	0	1000	1748	786	8.12	422	1134	47044	1748	n/a	632	1712	n/a	31148	1748	n/a	65532	1748	n/a	
301	8793765	n/a	0	0	n/a	N	0	1000	1448	636	3.73	181	635	46464	1448	n/a	368	1424	n/a	17128	1448	n/a	58216	1448	n/a	
302	8793766	n/a	0	0	n/a	N	0	0000	1464	442	3.11	15.1	90.6	31852	1464	n/a	276	1376	n/a	1208	1412	n/a	7124	1456	n/a	
303	8793770	n/a	0	0	n/a	N	0	1000	1828	780	4.17	345	1061	44324	1828	n/a	312	1788	n/a	27904	1828	n/a	65532	1828	n/a	
304	8794818	n/a	0	0	n/a	N	0	1000	1356	647	12.7	631	966	51256	1356	n/a	1396	1308	n/a	61116	1356	n/a	65532	1356	n/a	
305	8795112	n/a	0	0	n/a	N	0	1000	1760	841	23.8	568	1026	51044	1760	n/a	2044	1688	n/a	48532	1760	n/a	65532	1760	n/a	
306	8795576	n/a	0	0	n/a	N	0	0000	124	5.62	0.13	0.28	0.41	3864	124	n/a	112	124	n/a	220	124	n/a	364	124	n/a	
307	8797378	n/a	0	0	n/a	N	0	0000	252	12.1	0.07	0.04	0.10	4432	252	n/a	60	236	n/a	40	188	n/a	132	148	n/a	
308	8797378	n/a	0	0	n/a	N	0	0000	560	47.4	0.17	0.14	0.23	9040	560	n/a	64	520	n/a	52	488	n/a	176	304	n/a	
309	8797378	n/a	0	0	n/a	N	0	0000	1416	127	0.47	0.35	0.56	11300	1416	n/a	64	1316	n/a	60	1228	n/a	220	800	n/a	
310	8797378	n/a	0	0	n/a	N	0	0000	416	25.9	0.12	0.07	0.13	7948	416	n/a	64	384	n/a	44	332	n/a	188	220	n/a	
311	8797652	n/a	0	0	n/a	N	0	1000	1472	720	28.9	713	1056	50680	1472	n/a	3176	1436	n/a	64496	1472	n/a	65532	1472	n/a	
312	8798922	n/a	0	0	n/a	N	0	1000	1792	815	13.2	437	1085	50432	1792	n/a	1200	1712	n/a	31772	1792	n/a	65532	1792	n/a	
313	8799136	n/a	0	0	n/a	N	0	1000	1752	666	16.9	479	768	39484	1752	n/a	1356	1708	n/a	34984	1752	n/a	53388	1752	n/a	
314	8799378	n/a	0	0	n/a	N	0	0000	1520	592	7.09	247	855	42248	1520	n/a	712	1480	n/a	20448	1520	n/a	63980	1520	n/a	
315	8800096	n/a	0	0	n/a	N	0	1000	1812	1086	23.7	664	1268	64588	1812	n/a	1832	1760	n/a	48812	1812	n/a	65532	1812	n/a	
316	8800249	n/a	0	0	n/a	N	0	0000	96	5.43	0.05	0.16	0.54	5260	96	n/a	68	96	n/a	176	96	n/a	696	96	n/a	
317	8800903	n/a	0	0	n/a	N	0	1000	1956	1061	17.7	724	1391	60156	1956	n/a	1336	1884	n/a	51344	1956	n/a	65532	1956	n/a	
318	8801357	n/a	0	0	n/a	N	0	0000	1216	535	6.04	215	702	49316	1216	n/a	716	1184	n/a	23536	1216	n/a	65532	1216	n/a	
319	8802018	n/a	0	0	n/a	N	0	1000	1344	639	5.67	219	849	52036	1344	n/a	588	1304	n/a	20972	1344	n/a	65532	1344	n/a	
320	8802020	n/a	0	0	n/a	N	0	1000	1688	730	4.72	183	641	45344	1688	n/a	436	1644	n/a	14108	1688	n/a	48940	1688	n/a	
321	8803438	n/a	0	0	n/a	N	0	1000	1520	769	4.92	158	715	55940	1520	n/a	420	1468	n/a	14788	1520	n/a	65532	1520	n/a	
322	8803442	n/a	0	0	n/a	N	0	1000	1768	744	4.55	136	670	46868	1768	n/a	352	1736	n/a	10500	1768	n/a	53264	1768	n/a	
323	8804296	n/a	0	0	n/a	N	0	1000	1384	590	16.7	396	617	47828	1384	n/a	1500	1356	n/a	34240	1384	n/a	53204	1384	n/a	
324	8804323	n/a	0	0	n/a	N	0	0000	1152	377	6.81	327	380	36928	1152	n/a	724	1100	n/a	38132	1152	n/a	46780	1152	n/a	
325	8804325	n/a	0	0	n/a	N	0	1000	1896	707	10.8	352	626	38308	1896	n/a	704	1848	n/a	22840	1896	n/a	41804	1896	n/a	
326	8805896	n/a	0	0	n/a	N	0	0000	1476	475	4.16	266	807	36084	1476	n/a	356	1468	n/a	21776	1476	n/a	63196	1476	n/a	
327	8805924	n/a	0	0	n/a	N	0	0000	1712	491	8.12	348	694	30580	1712	n/a	616	1684	n/a	24728	1712	n/a	47040	1712	n/a	
328	8806147	n/a	0	0	n/a	N	0	0000	264	40.8	0.14	1.34	7.21	20560	264	n/a	84	264	n/a	836	264	n/a	4024	264	n/a	
329	8806410	n/a	0	0	n/a	N	0	1000	1372	590	2.95	85.5	370	47156	1372	n/a	316	1360	n/a	10048	1372	n/a	38056	1372	n/a	
330	8806411	n/a	0	0	n/a	N	0	1000	2560	1446	6.22	309	1300	63256	2560	n/a	392	2484	n/a	18224	2560	n/a	65532	2560	n/a	
331	8808170	n/a	0	0	n/a	N	0	0000	96	4.73	0.16	0.35	0.10	4284	96	n/a	200	96	n/a	376	96	n/a	216	92	n/a	
332	8808174	n/a	0	0	n/a	N	0	1000	1444	908	9.23	329	951	65532	1444	n/a	840	1376	n/a	28640	1444	n/a	65532	1444	n/a	
333	8808431	n/a	0	0	n/a	N	0	1000	1524	642	10.4	418	907	45484	1524	n/a	948	1468	n/a	41600	1524	n/a	65532	1524	n/a	
334	8808437	n/a	0	0	n/a	N	0	1000	2028	949	11.7	331	1151	53268	2028	n/a	840	1960	n/a	23692	2028	n/a	65532	2028	n/a	
335	8809368	n/a	0	0	n/a	N	0	0000	228	17.0	0.21	1.76	8.10	7728	228	n/a	132	228	n/a	1248	228	n/a	5364	228	n/a	
336	8809390	n/a	0	0	n/a	N	0	1000	2000	843	18.1	492	1043	46604	2000	n/a	1080	1940	n/a	31100	2000	n/a	65532	2000	n/a	
337	8809904	n/a	0	0	n/a	N	0	1000	1348	742	4.01	181	834	61004	1348	n/a	376	1324	n/a	17396	1348	n/a	65532	1348	n/a	
338	8809940	n/a	0	0	n/a	N	0	0000	200	10.6	0.07	0.09	0.42	4728	200	n/a	56	192	n/a	72	196	n/a	320	200	n/a	
339	8810210	n/a	0	0	n/a	N	0	0000	524	52.6	0.18	0.11	0.11	11412	524	n/a	60	504	n/a	44	424	n/a	148	216	n/a	
340	8811550	n/a	0	0	n/a	N	0	1000	1880	812	14.1	433	1152	53168	1880	n/a	1036	1848	n/a	30048	1880	n/a	65532	1880	n/a	
341	8811889	n/a	0	0	n/a	N	0	0000	1880	608	3.83	92.3	360	33912	1880	n/a	288	1852	n/a	6648	1880	n/a	24528	1880	n/a	
342	8811901	n/a	0	0	n/a	N	0	0000	1436	464	3.03	134	625	35804	1436	n/a	288	1404	n/a	11752	1436	n/a	53952	1436	n/a	
343	8811907	n/a	0	0	n/a	N	0	1000	2088	966	5.09	355	1199	53988	2088	n/a	368	1884	n/a	26144	2084	n/a	65532	2088	n/a	
344	8813088	n/a	0	0	n/a	N	0	1000	1460	658	4.82	167	596	52248	1460	n/a	440	1420	n/a	16616	1460	n/a	53968	1460	n/a	
345	8813483	n/a	0	0	n/a	N	0	0000	1280	436	9.32	319	407	35484	1280	n/a	984	1260	n/a	31332	1280	n/a	40092	1280	n/a	
346	8813488	n/a	0	0	n/a	N	0	1000	1532	712	2.73	122	630	49116	1532	n/a	236	1524	n/a	10660	1532	n/a	56144	1532	n/a	
347	8814478	n/a	0	0	n/a	N	0	1000	1896	1130	28.7	856	1211	65532	1896	n/a	2944	1784	n/a	65532	1896	n/a	65532	1896	n/a	
348	8815239	n/a	0	0	n/a	N	0	1000	1808	874	28.2	684	1137	51784	1808	n/a	2200	1752	n/a	49432	1808	n/a	65532	1808	n/a	
349	8815793	n/a	0	0	n/a	N	0	1000	1848	957	17.2	588	1264	55928	1848	n/a	1476	1780	n/a	42260	1848	n/a	65532	1848	n/a	
350	8817434	n/a	0	0	n/a	N	0	0000	292	18.9	0.13	0.07	0.03	6888	292	n/a	72	292	n/a	60	280	n/a	52	80	n/a	
351	8818340	n/a	0	0	n/a	N	0	0000	1472	128	0.46	0.35	1.23	12852	1472	n/a	60	1392	n/a	60	1296	n/a	312	1232	n/a	
352	8818406	n/a	0	0	n/a	N	0	1000	1428	643	3.31	90.2	410	51252	1428	n/a	332	1392	n/a	9752	1428	n/a	43308	1428	n/a	
353	8818466	n/a	0	0	n/a	N	0	1000	1344	584	3.19	56.0	256	49268	1344	n/a	364	1320	n/a	6668	1344	n/a	27508	1344	n/a	
354	8819096	n/a	0	0	n/a	N	0	1000	2116	859	5.79	164	652	43612	2116	n/a	376	2064	n/a	11200	2116	n/a	43000	2116	n/a	
355	8819216	n/a	0	0	n/a	N	0	0000	112	5.47	0.05	0.04	0.07	4264	112	n/a	56	112	n/a	44	112	n/a	152	92	n/a	
356	8819598	n/a	0	0	n/a	N	0	0000	216	13.9	0.15	0.36	0.30	6448	216	n/a	84	216	n/a	184	216	n/a	192	216	n/a	
357	8820196	n/a	0	0	n/a	N	0	0000	240	19.6	0.11	0.21	0.88	8336	240	n/a	72	236	n/a	116	236	n/a	484	240	n/a	
358	8821542	n/a	0	0	n/a	N	0	1000	1620	695	12.6	505	1128	46228	1620	n/a	1040	1584	n/a	37168	1620	n/a	65532	1620	n/a	
359	8821708	n/a	0	0	n/a	N	0	0000	100	6.13	0.04	0.14	0.81	5816	100	n/a	68	100	n/a	160	100	n/a	888	100	n/a	
360	8821765	n/a	0	0	n/a	N	0	1000	1740	947	4.81	149	757	57668	1740	n/a	368	1684	n/a	12216	1740	n/a	60184	1740	n/a	
361	8822522	n/a	0	0	n/a	N	0	0000	68	3.06	0.03	0.03	0.04	3784	68	n/a	60	68	n/a	52	68	n/a	160	52	n/a	
362	8822589	n/a	0	0	n/a	N	0	0000	428	36.6	0.18	0.22	0.60	8924	428	n/a	64	428	n/a	80	424	n/a	232	428	n/a	
363	8824048	n/a	0	0	n/a	N	0	1000	2092	1046	30.5	782	1382	52736	2092	n/a	1924	2036	n/a	51120	2092	n/a	65532	2092	n/a	
364	8824070	n/a	0	0	n/a	N	0	0000	500	37.9	0.80	4.54	6.68	7328	500	n/a	188	500	n/a	992	500	n/a	1732	500	n/a	
365	8825615	n/a	0	0	n/a	N	0	1000	1352	750	24.0	540	970	58012	1352	n/a	2232	1288	n/a	47252	1352	n/a	65532	1352	n/a	
366	8825746	n/a	0	0	n/a	N	0	0000	1568	515	2.21	90.3	387	33988	1568	n/a	196	1540	n/a	7964	1568	n/a	33372	1568	n/a	
367	8826731	n/a	0	0	n/a	N	0	0000	1188	532	3.22	134	561	49180	1188	n/a	384	1160	n/a	17020	1188	n/a	65532	1188	n/a	
368	8828035	n/a	0	0	n/a	N	0	1000	1292	657	3.82	133	533	54432	1292	n/a	408	1264	n/a	15996	1292	n/a	61712	1292	n/a	
369	8828037	n/a	0	0	n/a	N	0	0000	1592	597	2.05	165	660	40724	1592	n/a	220	1560	n/a	15016	1592	n/a	60848	1592	n/a	
370	8828040	n/a	0	0	n/a	N	0	1000	1948	826	9.37	68.9	328	47492	1948	n/a	1432	1912	n/a	4720	1908	n/a	24736	1948	n/a	
371	8828042	n/a	0	0	n/a	N	0	0000	820	65.5	0.45	1.30	4.18	10624	820	n/a	100	812	n/a	376	820	n/a	916	820	n/a	
372	8828042	n/a	0	0	n/a	N	0	1000	1524	641	4.00	137	500	45012	1524	n/a	376	1416	n/a	13172	1524	n/a	46472	1524	n/a	
373	8828043	n/a	0	0	n/a	N	0	1000	1540	769	1.76	45.4	278	51080	1540	n/a	184	1476	n/a	3868	1500	n/a	23012	1540	n/a	
374	8828666	n/a	0	0	n/a	N	0	0000	80	4.48	0.04	0.07	0.03	5200	80	n/a	72	80	n/a	116	80	n/a	104	48	n/a	
375	8829031	n/a	0	0	n/a	N	0	0000	220	10.6	0.08	0.05	0.20	4256	220	n/a	48	216	n/a	40	200	n/a	240	188	n/a	
376	8829032	n/a	0	0	n/a	N	0	0000	116	5.44	0.04	0.03	0.05	4016	116	n/a	56	112	n/a	60	104	n/a	100	96	n/a	
377	8830452	n/a	0	0	n/a	N	0	0000	140	10.7	0.18	0.50	0.52	7836	140	n/a	160	140	n/a	432	140	n/a	524	140	n/a	
378	8831469	n/a	0	0	n/a	N	0	0000	572	92.5	0.63	9.06	46.2	17936	572	n/a	156	572	n/a	2024	572	n/a	10292	572	n/a	
379	8831924	n/a	0	0	n/a	N	0	0000	80	3.57	0.04	0.03	0.06	3700	80	n/a	64	80	n/a	60	80	n/a	148	68	n/a	
380	8832231	n/a	0	0	n/a	N	0	1000	1440	807	11.3	388	820	59216	1440	n/a	948	1388	n/a	32600	1440	n/a	61268	1440	n/a	
381	8832231	n/a	0	0	n/a	N	0	0000	136	6.45	0.02	0.42	1.16	4088	136	n/a	44	76	n/a	324	136	n/a	884	136	n/a	
382	8832239	n/a	0	0	n/a	N	0	0000	3260	1605	27.2	847	1487	65532	3260	n/a	1720	2904	n/a	47156	3248	n/a	60996	3260	n/a	
383	8832245	n/a	0	0	n/a	N	0	1000	1808	674	8.62	399	880	40280	1808	n/a	640	1780	n/a	28096	1808	n/a	60720	1808	n/a	
384	8833378	n/a	0	0	n/a	N	0	1000	1860	883	35.2	830	1279	52700	1860	n/a	2728	1800	n/a	60316	1860	n/a	65532	1860	n/a	
385	8833422	n/a	0	0	n/a	N	0	0000	328	25.9	1.28	10.2	27.4	7924	328	n/a	540	328	n/a	3964	328	n/a	10216	328	n/a	
386	8834686	n/a	0	0	n/a	N	0	0000	120	6.86	0.04	0.03	0.06	5312	120	n/a	48	108	n/a	40	104	n/a	136	84	n/a	
387	8834772	n/a	0	0	n/a	N	0	1000	1600	806	17.7	609	1099	52948	1600	n/a	1752	1544	n/a	54400	1600	n/a	65532	1600	n/a	
388	8835063	n/a	0	0	n/a	N	0	1000	1840	1034	26.8	556	1242	57756	1840	n/a	1912	1744	n/a	38380	1840	n/a	65532	1840	n/a	
389	8835401	n/a	0	0	n/a	N	0	0000	268	14.3	0.09	0.10	0.16	4896	268	n/a	60	264	n/a	60	264	n/a	180	236	n/a	
390	8835672	n/a	0	0	n/a	N	0	0000	1352	470	11.9	301	507	37880	1352	n/a	1468	1332	n/a	26048	1352	n/a	40208	1352	n/a	
391	8835674	n/a	0	0	n/a	N	0	1000	1436	638	4.94	301	950	50524	1436	n/a	480	1412	n/a	28928	1436	n/a	65532	1436	n/a	
392	8836847	n/a	0	0	n/a	N	0	1000	1512	682	10.3	384	667	49828	1512	n/a	872	1472	n/a	29076	1512	n/a	50080	1512	n/a	
393	8836870	n/a	0	0	n/a	N	0	0000	136	6.68	0.19	1.43	1.37	4280	136	n/a	144	136	n/a	996	136	n/a	944	136	n/a	
394	8837015	n/a	0	0	n/a	N	0	0000	232	12.7	0.09	0.06	0.22	4960	232	n/a	64	224	n/a	48	208	n/a	196	220	n/a	
395	8837015	n/a	0	0	n/a	N	0	0000	92	4.20	0.02	0.01	0.07	3864	92	n/a	36	84	n/a	44	68	n/a	160	80	n/a	
396	8837015	n/a	0	0	n/a	N	0	0000	208	13.4	0.06	0.04	0.14	6604	208	n/a	44	164	n/a	36	184	n/a	196	160	n/a	
397	8837020	n/a	0	0	n/a	N	0	1000	1792	776	17.7	612	939	46036	1792	n/a	1468	1724	n/a	48124	1792	n/a	64560	1792	n/a	
398	8837344	n/a	0	0	n/a	N	0	0000	244	15.6	0.14	0.13	0.36	5968	244	n/a	68	244	n/a	72	244	n/a	288	240	n/a	
399	8838225	n/a	0	0	n/a	N	0	0000	176	7.84	0.11	0.26	0.57	3796	176	n/a	72	176	n/a	140	176	n/a	392	176	n/a	
400	8838664	n/a	0	0	n/a	N	0	0000	260	13.6	0.08	0.06	0.24	4532	260	n/a	56	248	n/a	52	228	n/a	220	252	n/a	
401	8839755	n/a	0	0	n/a	N	0	1000	1688	858	4.14	184	732	54692	1688	n/a	332	1632	n/a	16996	1688	n/a	61072	1688	n/a	
402	8840020	n/a	0	0	n/a	N	0	1000	1744	1052	13.3	529	1219	65532	1744	n/a	1196	1652	n/a	40428	1744	n/a	65532	1744	n/a	
403	8841281	n/a	0	0	n/a	N	0	1000	1832	901	6.59	269	1041	51492	1832	n/a	472	1804	n/a	19576	1832	n/a	65532	1832	n/a	
404	8841804	n/a	0	0	n/a	N	0	1000	1364	679	4.22	122	731	54576	1364	n/a	456	1364	n/a	10812	1364	n/a	64864	1364	n/a	
405	8842332	n/a	0	0	n/a	N	0	1000	2204	977	26.2	796	1131	49412	2204	n/a	1676	2136	n/a	49760	2204	n/a	65532	2204	n/a	
406	8842704	n/a	0	0	n/a	N	0	1000	1612	744	7.53	161	491	49860	1612	n/a	648	1580	n/a	15524	1612	n/a	42384	1612	n/a	
407	8843622	n/a	0	0	n/a	N	0	0000	292	20.0	0.11	0.14	0.11	7140	292	n/a	64	280	n/a	68	292	n/a	152	180	n/a	
408	8844641	n/a	0	0	n/a	N	0	1000	1684	845	4.38	96.5	456	54864	1684	n/a	380	1620	n/a	8940	1672	n/a	38052	1684	n/a	
409	8844643	n/a	0	0	n/a	N	0	0000	512	72.8	0.23	0.20	0.08	15200	512	n/a	64	504	n/a	64	504	n/a	88	208	n/a	
410	8844647	n/a	0	0	n/a	N	0	0000	600	54.5	0.23	0.20	0.58	9144	600	n/a	68	588	n/a	60	568	n/a	212	520	n/a	
411	8844744	n/a	0	0	n/a	N	0	0000	764	62.4	0.24	0.19	0.44	9756	764	n/a	76	712	n/a	60	664	n/a	124	676	n/a	
412	8845564	n/a	0	0	n/a	N	0	1000	1772	912	13.4	455	1205	55096	1772	n/a	1192	1712	n/a	35400	1772	n/a	65532	1772	n/a	
413	8845701	n/a	0	0	n/a	N	0	0000	184	9.64	0.05	0.03	0.03	4784	184	n/a	56	168	n/a	44	160	n/a	88	60	n/a	
414	8846011	n/a	0	0	n/a	N	0	0000	88	4.20	0.04	0.08	0.26	4144	88	n/a	64	88	n/a	108	88	n/a	360	88	n/a	
415	8846043	n/a	0	0	n/a	N	0	0000	216	15.0	0.10	0.40	2.89	6792	216	n/a	72	212	n/a	216	216	n/a	1472	216	n/a	
416	8846301	n/a	0	0	n/a	N	0	0000	132	6.55	0.05	0.04	0.04	4476	132	n/a	60	132	n/a	48	124	n/a	128	48	n/a	
417	8846904	n/a	0	0	n/a	N	0	0000	144	7.52	0.04	0.04	0.05	4664	144	n/a	60	140	n/a	52	136	n/a	96	116	n/a	
418	8848817	n/a	0	0	n/a	N	0	0000	60	2.95	0.02	0.02	0.13	4248	60	n/a	44	56	n/a	52	60	n/a	264	60	n/a	
419	8849922	n/a	0	0	n/a	N	0	0000	164	8.91	0.06	0.07	0.03	5036	164	n/a	60	164	n/a	56	164	n/a	104	48	n/a	
420	8850730	n/a	0	0	n/a	N	0	1000	1472	737	28.5	497	935	55520	1472	n/a	2632	1404	n/a	39700	1472	n/a	65532	1472	n/a	
421	8850940	n/a	0	0	n/a	N	0	1001	1440	994	22.5	482	1009	65532	1440	n/a	2140	1376	n/a	41136	1440	n/a	65532	1440	n/a	
422	8850943	n/a	0	0	n/a	N	0	1000	1484	619	14.1	697	994	45840	1484	n/a	1260	1464	n/a	64652	1484	n/a	65532	1484	n/a	
423	8878786	n/a	0	0	n/a	N	0	0000	316	19.5	0.11	0.09	0.09	5676	316	n/a	64	304	n/a	52	284	n/a	120	208	n/a	
424	8878786	n/a	0	0	n/a	N	0	0000	128	6.30	0.05	0.03	0.06	4228	128	n/a	60	124	n/a	40	108	n/a	100	108	n/a	
425	8882215	n/a	0	0	n/a	N	0	0000	264	12.8	0.11	0.10	0.31	4220	264	n/a	60	264	n/a	60	256	n/a	200	264	n/a	
426	8891707	n/a	0	0	n/a	N	0	0000	796	77.7	0.26	0.19	0.80	10292	796	n/a	64	756	n/a	56	692	n/a	236	712	n/a	
427	8891707	n/a	0	0	n/a	N	0	0000	392	32.6	0.10	0.08	0.35	8668	392	n/a	60	356	n/a	56	300	n/a	232	328	n/a	
428	8895779	n/a	0	0	n/a	N	0	0000	1488	242	0.69	1.37	2.53	25984	1488	n/a	88	1456	n/a	148	1452	n/a	404	1316	n/a	
429	8899038	n/a	0	0	n/a	N	0	0000	84	3.84	0.03	0.03	0.01	3824	84	n/a	52	84	n/a	52	80	n/a	52	24	n/a	
430	8900363	n/a	0	0	n/a	N	0	1000	1968	1033	33.8	895	1390	53444	1968	n/a	2148	1912	n/a	55824	1968	n/a	65532	1968	n/a	
431	8900860	n/a	0	0	n/a	N	0	0000	680	50.4	0.22	0.26	0.12	7740	680	n/a	68	632	n/a	76	656	n/a	144	216	n/a	
432	8901056	n/a	0	0	n/a	N	0	0000	768	48.9	0.28	0.27	0.49	7328	768	n/a	72	720	n/a	68	708	n/a	208	584	n/a	
433	8904367	n/a	0	0	n/a	N	0	0000	60	2.84	0.02	0.02	0.07	4040	60	n/a	48	56	n/a	48	52	n/a	248	56	n/a	
434	8906219	n/a	0	0	n/a	N	0	0000	1272	552	4.67	245	878	46076	1272	n/a	560	1240	n/a	21828	1272	n/a	65532	1272	n/a	
435	8906219	n/a	0	0	n/a	N	0	0000	64	2.91	0.02	0.36	1.51	3824	64	n/a	48	56	n/a	544	64	n/a	2076	64	n/a	
436	8911506	n/a	0	0	n/a	N	0	0000	80	3.36	0.02	0.01	0.01	3444	80	n/a	44	60	n/a	24	52	n/a	44	16	n/a	
437	8914933	n/a	0	0	n/a	N	0	0000	400	26.5	0.13	0.10	0.30	6452	400	n/a	64	392	n/a	64	364	n/a	188	316	n/a	
438	8917580	n/a	0	0	n/a	N	0	1000	1372	585	8.52	390	761	49024	1372	n/a	768	1364	n/a	36684	1372	n/a	65532	1372	n/a	
439	8919069	n/a	0	0	n/a	N	0	0000	200	12.6	0.16	0.27	0.44	6060	200	n/a	112	200	n/a	160	200	n/a	324	200	n/a	
440	8920367	n/a	0	0	n/a	N	0	1000	1784	817	13.5	422	962	54048	1784	n/a	1192	1728	n/a	32060	1784	n/a	65532	1784	n/a	
441	8920369	n/a	0	0	n/a	N	0	1000	1752	933	16.5	549	1031	59116	1752	n/a	1292	1680	n/a	44472	1752	n/a	65532	1752	n/a	
442	8920371	n/a	0	0	n/a	N	0	1000	1820	943	23.9	724	1232	53524	1820	n/a	1844	1764	n/a	52600	1820	n/a	65532	1820	n/a	
443	8923963	n/a	0	0	n/a	N	0	0000	296	16.7	0.30	2.26	6.09	5148	296	n/a	128	296	n/a	812	296	n/a	2232	296	n/a	
444	8924287	n/a	0	0	n/a	N	0	1000	2328	1430	14.2	708	1424	65532	2328	n/a	876	2248	n/a	41456	2328	n/a	65532	2328	n/a	
445	8924289	n/a	0	0	n/a	N	0	0000	2732	1063	17.2	1015	1384	38036	2732	n/a	1248	2492	n/a	63772	2732	n/a	65532	2732	n/a	
446	8924289	n/a	0	0	n/a	N	0	1000	1320	782	11.1	373	903	62796	1320	n/a	1168	1184	n/a	37528	1320	n/a	65532	1320	n/a	
447	8924291	n/a	0	0	n/a	N	0	1000	2036	830	28.3	662	1084	50112	2036	n/a	2244	1988	n/a	52324	2036	n/a	65532	2036	n/a	
448	8924314	n/a	0	0	n/a	N	0	1000	1760	854	6.07	257	1001	50284	1760	n/a	476	1712	n/a	19608	1760	n/a	65532	1760	n/a	
449	8924922	n/a	0	0	n/a	N	0	0000	152	10.1	0.42	0.53	0.29	6688	152	n/a	420	152	n/a	508	152	n/a	320	152	n/a	
450	8925667	n/a	0	0	n/a	N	0	0000	1484	492	1.39	35.9	211	35688	1484	n/a	168	1472	n/a	3324	1472	n/a	22384	1484	n/a	
451	8925668	n/a	0	0	n/a	N	0	1000	2136	1277	11.0	339	1088	65532	2136	n/a	876	2072	n/a	27988	2136	n/a	65532	2136	n/a	
452	8925669	n/a	0	0	n/a	N	0	0000	1544	535	4.04	230	889	38636	1544	n/a	348	1472	n/a	18044	1544	n/a	65532	1544	n/a	
453	8925669	n/a	0	0	n/a	N	0	0000	1708	595	2.10	97.4	441	38192	1708	n/a	200	1632	n/a	8352	1700	n/a	35740	1708	n/a	
454	8925670	n/a	0	0	n/a	N	0	1000	2040	1012	9.29	689	1281	59584	2040	n/a	1124	1888	n/a	65532	2016	n/a	65532	2040	n/a	
455	8925671	n/a	0	0	n/a	N	0	0000	1800	587	1.39	33.2	210	35096	1800	n/a	132	1544	n/a	3052	1512	n/a	18496	1572	n/a	
456	8925672	n/a	0	0	n/a	N	0	1000	1680	740	3.01	65.2	363	47040	1680	n/a	304	1604	n/a	5588	1676	n/a	29976	1680	n/a	
457	8925674	n/a	0	0	n/a	N	0	0000	1764	546	2.40	82.0	403	33420	1764	n/a	196	1756	n/a	6376	1764	n/a	31360	1764	n/a	
458	8925674	n/a	0	0	n/a	N	0	1000	1840	808	5.83	383	1149	49412	1840	n/a	416	1756	n/a	26824	1840	n/a	65532	1840	n/a	
459	8925977	n/a	0	0	n/a	N	0	1000	1808	958	24.5	715	1218	56756	1808	n/a	1972	1772	n/a	53136	1808	n/a	65532	1808	n/a	
460	8927595	n/a	0	0	n/a	N	0	0000	4036	444	8.29	54.6	70.9	14840	4036	n/a	448	3956	n/a	1932	4036	n/a	3756	4036	n/a	
461	8933070	n/a	0	0	n/a	N	0	1000	1996	889	13.3	654	1258	50876	1996	n/a	1088	1788	n/a	48532	1996	n/a	65532	1996	n/a	
462	8933630	n/a	0	0	n/a	N	0	0000	540	30.1	0.18	0.15	0.29	5304	540	n/a	56	516	n/a	56	500	n/a	192	344	n/a	
463	8934211	n/a	0	0	n/a	N	0	1000	1888	776	17.7	505	969	46080	1888	n/a	1240	1840	n/a	34260	1888	n/a	63768	1888	n/a	
464	8934938	n/a	0	0	n/a	N	0	0000	1372	537	6.13	288	705	40996	1372	n/a	544	1340	n/a	26144	1372	n/a	62548	1372	n/a	
465	8934978	n/a	0	0	n/a	N	0	0000	860	58.0	0.45	0.69	2.04	7260	860	n/a	96	848	n/a	120	860	n/a	480	860	n/a	
466	8935926	n/a	0	0	n/a	N	0	1000	1564	762	12.7	470	904	52060	1564	n/a	1228	1508	n/a	45944	1564	n/a	65532	1564	n/a	
467	8936507	n/a	0	0	n/a	N	0	0000	1272	517	17.3	373	647	48488	1272	n/a	1780	1244	n/a	38208	1272	n/a	62744	1272	n/a	
468	8937105	n/a	0	0	n/a	N	0	1000	1792	669	3.30	184	862	48536	1792	n/a	264	1784	n/a	13784	1792	n/a	64908	1792	n/a	
469	8937166	n/a	0	0	n/a	N	0	0000	712	43.4	0.26	0.20	0.08	5396	712	n/a	68	692	n/a	52	656	n/a	124	184	n/a	
470	8937473	n/a	0	0	n/a	N	0	1000	1620	694	22.5	509	653	48088	1620	n/a	2144	1572	n/a	45084	1620	n/a	53400	1620	n/a	
471	8938115	n/a	0	0	n/a	N	0	0000	128	6.37	0.03	0.04	0.00	4340	128	n/a	44	116	n/a	48	120	n/a	24	24	n/a	
472	8939332	n/a	0	0	n/a	N	0	1000	1840	899	5.36	172	872	50400	1840	n/a	344	1788	n/a	13396	1840	n/a	65532	1840	n/a	
473	8942340	n/a	0	0	n/a	N	0	0000	136	7.17	0.04	0.04	0.27	4792	136	n/a	40	124	n/a	52	128	n/a	220	136	n/a	
474	8943100	n/a	0	0	n/a	N	0	1000	1804	763	4.78	178	773	44724	1804	n/a	372	1764	n/a	13516	1804	n/a	57724	1804	n/a	
475	8943100	n/a	0	0	n/a	N	0	1000	1720	660	2.71	157	672	41176	1720	n/a	236	1644	n/a	12056	1720	n/a	52488	1720	n/a	
476	8943101	n/a	0	0	n/a	N	0	0000	1320	479	1.82	98.4	352	37936	1320	n/a	196	1280	n/a	11128	1320	n/a	36608	1320	n/a	
477	8943102	n/a	0	0	n/a	N	0	0000	2084	542	11.4	380	969	26452	2084	n/a	1032	1900	n/a	28168	1964	n/a	62396	2084	n/a	
478	8944058	n/a	0	0	n/a	N	0	1000	1568	660	11.9	550	1047	44592	1568	n/a	1032	1524	n/a	43448	1568	n/a	65532	1568	n/a	
479	8944061	n/a	0	0	n/a	N	0	1000	1636	720	40.2	738	968	50036	1636	n/a	3220	1596	n/a	62064	1636	n/a	65532	1636	n/a	
480	8944840	n/a	0	0	n/a	N	0	1000	1752	722	12.4	631	948	45180	1752	n/a	872	1716	n/a	53744	1752	n/a	65532	1752	n/a	
481	8945900	n/a	0	0	n/a	N	0	0000	1660	598	10.1	241	355	39696	1660	n/a	852	1600	n/a	18404	1660	n/a	27720	1660	n/a	
482	8946067	n/a	0	0	n/a	N	0	1000	1308	851	9.42	226	873	65532	1308	n/a	928	1244	n/a	21976	1308	n/a	65532	1308	n/a	
483	8946191	n/a	0	0	n/a	N	0	0000	1512	540	5.29	183	366	39988	1512	n/a	504	1476	n/a	15476	1512	n/a	31580	1512	n/a	
484	8947184	n/a	0	0	n/a	N	0	1000	1648	646	3.81	76.8	287	51052	1648	n/a	368	1592	n/a	8632	1648	n/a	28116	1648	n/a	
485	8948813	n/a	0	0	n/a	N	0	0000	268	15.8	0.09	0.08	0.17	5584	268	n/a	56	260	n/a	56	244	n/a	200	200	n/a	
486	8948813	n/a	0	0	n/a	N	0	0000	892	78.2	0.34	0.39	0.81	11616	892	n/a	60	860	n/a	88	828	n/a	224	832	n/a	
487	8948814	n/a	0	0	n/a	N	0	0000	2000	115	0.65	0.42	1.86	6544	2000	n/a	76	1920	n/a	60	1688	n/a	268	1824	n/a	
488	8948863	n/a	0	0	n/a	N	0	1000	1692	662	9.27	405	1143	38980	1692	n/a	700	1644	n/a	28404	1692	n/a	65532	1692	n/a	
489	8949082	n/a	0	0	n/a	N	0	0000	60	2.69	0.03	0.08	0.28	3804	60	n/a	60	60	n/a	120	60	n/a	440	60	n/a	
490	8950728	n/a	0	0	n/a	N	0	1000	1596	940	23.2	557	1084	65532	1596	n/a	1952	1452	n/a	44172	1596	n/a	65532	1596	n/a	
491	8954606	n/a	0	0	n/a	N	0	1000	2004	1228	6.27	122	537	65532	2004	n/a	492	1920	n/a	9536	1960	n/a	38036	2004	n/a	
492	8954820	n/a	0	0	n/a	N	0	0000	1160	216	2.73	80.7	569	21176	1160	n/a	296	1156	n/a	8604	1160	n/a	65532	1160	n/a	
493	8955865	n/a	0	0	n/a	N	0	0000	1244	504	5.56	188	686	42336	1244	n/a	680	1204	n/a	23308	1244	n/a	65532	1244	n/a	
494	8958761	n/a	0	0	n/a	N	0	1000	1468	901	3.09	123	675	65532	1468	n/a	300	1424	n/a	13584	1468	n/a	65532	1468	n/a	
495	8958763	n/a	0	0	n/a	N	0	1000	1216	592	1.65	46.9	240	53308	1216	n/a	208	1216	n/a	6416	1216	n/a	28340	1216	n/a	
496	8959707	n/a	0	0	n/a	N	0	0000	68	3.06	0.05	0.27	0.52	3736	68	n/a	76	68	n/a	364	68	n/a	788	68	n/a	
497	8959708	n/a	0	0	n/a	N	0	1000	1740	834	26.3	745	1180	50660	1740	n/a	2180	1676	n/a	56064	1740	n/a	65532	1740	n/a	
498	8960402	n/a	0	0	n/a	N	0	1000	1896	924	32.6	646	1070	51300	1896	n/a	2480	1832	n/a	44108	1896	n/a	65532	1896	n/a	
499	8960644	n/a	0	0	n/a	N	0	0000	100	5.01	0.03	0.02	0.03	4320	100	n/a	40	92	n/a	36	84	n/a	68	72	n/a	
500	8960879	n/a	0	0	n/a	N	0	0000	1200	481	1.10	48.5	425	43648	1200	n/a	200	1188	n/a	5028	1200	n/a	44156	1200	n/a	
501	8961638	n/a	0	0	n/a	N	0	0000	304	17.7	0.09	0.08	0.08	5732	304	n/a	64	284	n/a	60	284	n/a	140	160	n/a	
502	8961846	n/a	0	0	n/a	N	0	1000	1756	922	12.5	454	1164	55668	1756	n/a	1112	1684	n/a	36908	1756	n/a	65532	1756	n/a	
503	8963143	n/a	0	0	n/a	N	0	0000	84	3.80	0.03	0.03	0.05	3784	84	n/a	48	84	n/a	64	84	n/a	120	68	n/a	
504	8963209	n/a	0	0	n/a	N	0	1000	1884	708	14.6	420	503	41796	1884	n/a	1020	1872	n/a	29644	1884	n/a	32212	1884	n/a	
505	8964685	n/a	0	0	n/a	N	0	1000	1720	647	4.97	222	1036	39564	1720	n/a	404	1692	n/a	16456	1720	n/a	65532	1720	n/a	
506	8965503	n/a	0	0	n/a	N	0	1000	1752	826	20.6	694	1075	51640	1752	n/a	1516	1700	n/a	56384	1752	n/a	65532	1752	n/a	
507	8967075	n/a	0	0	n/a	N	0	0000	120	5.75	0.03	0.02	0.07	4140	120	n/a	36	116	n/a	48	104	n/a	140	100	n/a	
508	8971052	n/a	0	0	n/a	N	0	1000	1884	849	8.01	203	506	46628	1884	n/a	668	1864	n/a	15908	1884	n/a	31152	1884	n/a	
509	8971146	n/a	0	0	n/a	N	0	0000	152	8.82	0.04	0.07	0.56	5476	152	n/a	48	136	n/a	56	152	n/a	472	152	n/a	
510	8971549	n/a	0	0	n/a	N	0	0000	136	6.41	0.02	0.02	0.03	4096	136	n/a	40	104	n/a	48	116	n/a	132	68	n/a	
511	8971779	n/a	0	0	n/a	N	0	1000	1268	804	4.09	98.6	359	65532	1268	n/a	412	1212	n/a	11264	1268	n/a	36816	1268	n/a	
512	8973251	n/a	0	0	n/a	N	0	0000	92	4.67	0.25	1.13	0.83	4464	92	n/a	320	92	n/a	1380	92	n/a	1020	92	n/a	
513	8973537	n/a	0	0	n/a	N	0	0000	176	10.9	0.22	1.61	4.53	5904	176	n/a	168	176	n/a	1036	176	n/a	2904	176	n/a	
514	8974388	n/a	0	0	n/a	N	0	0000	1412	507	7.45	269	310	41724	1412	n/a	656	1372	n/a	23584	1412	n/a	28300	1412	n/a	
515	8976038	n/a	0	0	n/a	N	0	1000	1876	949	6.82	232	1102	54996	1876	n/a	500	1808	n/a	15876	1876	n/a	65532	1876	n/a	
516	8976141	n/a	0	0	n/a	N	0	1000	1436	665	4.47	210	730	50316	1436	n/a	392	1396	n/a	19072	1436	n/a	57160	1436	n/a	
517	8976147	n/a	0	0	n/a	N	0	1000	1752	694	2.85	63.0	340	42444	1752	n/a	216	1724	n/a	4904	1752	n/a	26352	1752	n/a	
518	8976175	n/a	0	0	n/a	N	0	0000	1272	449	3.86	253	759	38444	1272	n/a	412	1272	n/a	27716	1272	n/a	65532	1272	n/a	
519	8976175	n/a	0	0	n/a	N	0	1000	1880	756	2.29	97.2	469	39536	1880	n/a	160	1808	n/a	7288	1868	n/a	34920	1880	n/a	
520	8976178	n/a	0	0	n/a	N	0	0000	1584	534	3.02	154	654	37640	1584	n/a	248	1536	n/a	13352	1584	n/a	55052	1584	n/a	
521	8976187	n/a	0	0	n/a	N	0	0000	228	12.5	0.11	0.10	0.17	5224	228	n/a	64	224	n/a	56	228	n/a	176	196	n/a	
522	8976187	n/a	0	0	n/a	N	0	0000	108	4.88	0.03	0.01	0.07	3796	108	n/a	52	96	n/a	40	52	n/a	112	92	n/a	
523	8976188	n/a	0	0	n/a	N	0	0000	128	5.97	0.03	0.03	0.13	4008	128	n/a	48	124	n/a	44	112	n/a	296	108	n/a	
524	8978312	n/a	0	0	n/a	N	0	1000	1680	1010	7.05	411	1129	61828	1680	n/a	600	1616	n/a	33044	1680	n/a	65532	1680	n/a	
525	8978493	n/a	0	0	n/a	N	0	1000	1732	779	7.02	228	750	46364	1732	n/a	628	1672	n/a	20340	1732	n/a	60188	1732	n/a	
526	8979609	n/a	0	0	n/a	N	0	0000	136	7.16	0.05	0.04	0.10	4796	136	n/a	56	124	n/a	44	136	n/a	128	120	n/a	
527	8979796	n/a	0	0	n/a	N	0	0010	1192	186	0.41	0.41	0.19	21744	1192	n/a	76	1068	n/a	68	1048	n/a	120	376	n/a	
528	8980552	n/a	0	0	n/a	N	0	0000	80	4.01	0.03	0.08	0.42	4420	80	n/a	52	76	n/a	120	80	n/a	556	80	n/a	
529	8980882	n/a	0	0	n/a	N	0	1000	1476	713	14.3	332	830	55624	1476	n/a	1656	1388	n/a	29156	1476	n/a	65532	1476	n/a	
530	8981149	n/a	0	0	n/a	N	0	0000	84	4.14	0.02	0.02	0.09	4356	84	n/a	36	76	n/a	52	80	n/a	144	84	n/a	
531	8981283	n/a	0	0	n/a	N	0	0000	228	15.5	0.06	0.05	0.14	7796	228	n/a	52	212	n/a	48	204	n/a	208	148	n/a	
532	8982377	n/a	0	0	n/a	N	0	0000	196	10.5	0.07	0.14	0.02	4836	196	n/a	60	196	n/a	108	196	n/a	112	36	n/a	
533	8982427	n/a	0	0	n/a	N	0	1000	1860	795	4.19	84.7	388	44728	1860	n/a	260	1840	n/a	6056	1860	n/a	27484	1860	n/a	
534	8982994	n/a	0	0	n/a	N	0	0000	904	61.2	0.30	0.19	0.54	10888	904	n/a	60	860	n/a	60	756	n/a	172	684	n/a	
535	8984070	n/a	0	0	n/a	N	0	0000	84	4.76	0.09	0.17	0.21	5212	84	n/a	132	84	n/a	200	84	n/a	268	84	n/a	
536	8984480	n/a	0	0	n/a	N	0	0000	140	8.68	0.20	0.66	0.81	5856	140	n/a	180	140	n/a	548	140	n/a	740	140	n/a	
537	8984489	n/a	0	0	n/a	N	0	1000	1644	817	3.22	117	511	52932	1644	n/a	256	1620	n/a	9804	1644	n/a	41968	1644	n/a	
538	8984865	n/a	0	0	n/a	N	0	0000	460	32.4	0.15	0.14	0.31	7232	460	n/a	76	440	n/a	60	440	n/a	160	376	n/a	
539	8986695	n/a	0	0	n/a	N	0	0000	116	5.10	0.04	0.03	0.07	3676	116	n/a	56	112	n/a	44	104	n/a	192	84	n/a	
540	8986839	n/a	0	0	n/a	N	0	0000	1508	580	3.17	108	529	42460	1508	n/a	320	1484	n/a	10052	1508	n/a	47904	1508	n/a	
541	8986876	n/a	0	0	n/a	N	0	1000	1544	850	41.3	823	1079	59292	1544	n/a	3872	1488	n/a	65532	1544	n/a	65532	1544	n/a	
542	8986880	n/a	0	0	n/a	N	0	1000	1820	1032	21.6	654	1306	58336	1820	n/a	1760	1740	n/a	47388	1820	n/a	65532	1820	n/a	
543	8987348	n/a	0	0	n/a	N	0	0000	604	33.3	0.19	0.15	0.15	5840	604	n/a	60	576	n/a	56	532	n/a	188	232	n/a	
544	8989950	n/a	0	0	n/a	N	0	0000	76	3.39	0.03	0.03	0.02	3720	76	n/a	52	72	n/a	44	76	n/a	116	36	n/a	
545	8991916	n/a	0	0	n/a	N	0	1000	1508	680	19.5	382	742	53624	1508	n/a	1812	1444	n/a	35144	1508	n/a	65532	1508	n/a	
546	8992260	n/a	0	0	n/a	N	0	1000	1508	796	33.5	587	937	57096	1508	n/a	3432	1448	n/a	53564	1508	n/a	65532	1508	n/a	
547	8993050	n/a	0	0	n/a	N	0	1000	1488	692	4.43	135	491	47424	1488	n/a	428	1460	n/a	12596	1488	n/a	44640	1488	n/a	
548	8993626	n/a	0	0	n/a	N	0	0000	160	9.83	0.11	0.95	3.84	5908	160	n/a	96	160	n/a	652	160	n/a	2640	160	n/a	
549	8993888	n/a	0	0	n/a	N	0	0000	116	5.86	0.05	0.06	0.28	4464	116	n/a	64	116	n/a	72	116	n/a	408	116	n/a	
550	8995673	n/a	0	0	n/a	N	0	0000	444	30.5	1.43	5.98	4.47	6500	444	n/a	344	444	n/a	1308	444	n/a	1192	444	n/a	
551	8996152	n/a	0	0	n/a	N	0	0000	148	7.71	0.08	0.13	0.15	4716	148	n/a	76	148	n/a	100	148	n/a	288	120	n/a	
552	8997625	n/a	0	0	n/a	N	0	0000	292	30.9	0.14	0.25	0.49	11796	292	n/a	64	288	n/a	112	292	n/a	248	292	n/a	
553	8997626	n/a	0	0	n/a	N	0	0000	1388	512	10.9	316	528	39484	1388	n/a	968	1348	n/a	25492	1388	n/a	41732	1388	n/a	
554	8998558	n/a	0	0	n/a	N	0	0000	60	2.77	0.03	0.02	0.05	3936	60	n/a	64	52	n/a	40	60	n/a	176	48	n/a	
555	8999096	n/a	0	0	n/a	N	0	0000	224	15.1	0.07	0.12	0.36	7792	224	n/a	64	204	n/a	132	204	n/a	368	216	n/a	
556	8999097	n/a	0	0	n/a	N	0	0010	1236	65.9	0.52	0.48	1.50	6088	1236	n/a	84	1172	n/a	76	1180	n/a	272	1204	n/a	
557	8999097	n/a	0	0	n/a	N	0	0000	716	49.8	0.25	0.28	0.88	8924	716	n/a	72	700	n/a	72	688	n/a	236	696	n/a	
558	9000738	n/a	0	0	n/a	N	0	0010	1064	76.0	0.36	0.34	1.12	7440	1064	n/a	72	1004	n/a	68	964	n/a	224	1004	n/a	
559	9000745	n/a	0	0	n/a	N	0	0000	248	11.3	0.11	0.08	0.03	3920	248	n/a	72	244	n/a	52	228	n/a	88	60	n/a	
560	9001324	n/a	0	0	n/a	N	0	0000	68	3.09	0.02	0.02	0.00	3852	68	n/a	44	60	n/a	44	60	n/a	0	0	n/a	
561	9002267	n/a	0	0	n/a	N	0	1000	1952	831	17.2	513	840	45120	1952	n/a	1212	1896	n/a	35672	1952	n/a	55028	1952	n/a	
562	9002273	n/a	0	0	n/a	N	0	1000	1828	875	22.1	551	1105	52472	1828	n/a	1808	1796	n/a	39452	1828	n/a	65532	1828	n/a	
563	9002851	n/a	0	0	n/a	N	0	0000	160	7.19	0.05	0.06	0.12	3808	160	n/a	40	152	n/a	60	152	n/a	160	136	n/a	
564	9003065	n/a	0	0	n/a	N	0	0000	224	12.4	0.08	0.06	0.02	5308	224	n/a	76	216	n/a	52	200	n/a	60	56	n/a	
565	9004691	n/a	0	0	n/a	N	0	0000	424	27.0	0.13	0.10	0.32	5788	424	n/a	56	380	n/a	48	360	n/a	216	324	n/a	
566	9005289	n/a	0	0	n/a	N	0	0000	1556	563	8.18	423	774	38728	1556	n/a	584	1524	n/a	31380	1556	n/a	55912	1556	n/a	
567	9005890	n/a	0	0	n/a	N	0	0000	616	84.8	3.93	20.7	28.8	18568	616	n/a	1016	612	n/a	4892	616	n/a	6420	616	n/a	
568	9006493	n/a	0	0	n/a	N	0	0000	296	20.9	1.09	7.05	8.35	6976	296	n/a	416	296	n/a	2736	296	n/a	3292	296	n/a	
569	9007521	n/a	0	0	n/a	N	0	1000	1756	675	7.62	219	457	42332	1756	n/a	568	1708	n/a	15196	1756	n/a	31132	1756	n/a	
570	9007589	n/a	0	0	n/a	N	0	1000	1644	739	33.6	666	763	49716	1644	n/a	2828	1584	n/a	51752	1644	n/a	59640	1644	n/a	
571	9007799	n/a	0	0	n/a	N	0	0000	1788	627	5.67	339	1092	37020	1788	n/a	460	1732	n/a	24260	1788	n/a	65532	1788	n/a	
572	9007799	n/a	0	0	n/a	N	0	0000	1248	346	3.48	161	499	30320	1248	n/a	452	1212	n/a	15220	1248	n/a	50112	1248	n/a	
573	9007804	n/a	0	0	n/a	N	0	1000	1800	755	19.1	551	801	52288	1800	n/a	1628	1752	n/a	41268	1800	n/a	58116	1800	n/a	
574	9007805	n/a	0	0	n/a	N	0	0000	1948	663	6.74	267	661	35076	1948	n/a	532	1852	n/a	18716	1936	n/a	46672	1948	n/a	
575	9008534	n/a	0	0	n/a	N	0	0000	268	18.1	0.13	0.66	1.91	6620	268	n/a	68	268	n/a	284	268	n/a	856	268	n/a	
576	9008782	n/a	0	0	n/a	N	0	0010	912	79.2	0.55	1.29	2.33	9084	912	n/a	96	912	n/a	244	908	n/a	404	908	n/a	
577	9009695	n/a	0	0	n/a	N	0	0000	60	2.63	0.06	0.12	0.08	3604	60	n/a	104	60	n/a	188	60	n/a	184	60	n/a	
578	9010738	n/a	0	0	n/a	N	0	0000	3456	1458	19.5	792	1867	52688	3456	n/a	1464	3208	n/a	55996	3456	n/a	65532	3456	n/a	
579	9010751	n/a	0	0	n/a	N	0	0000	3288	702	5.41	179	363	40668	3288	n/a	388	2040	n/a	13792	1800	n/a	28140	2856	n/a	
580	9010752	n/a	0	0	n/a	N	0	1000	1840	733	11.2	561	945	52536	1840	n/a	1036	1508	n/a	51216	1832	n/a	65532	1840	n/a	
581	9010754	n/a	0	0	n/a	N	0	0000	4336	994	19.7	438	773	55464	4336	n/a	1992	2096	n/a	44476	1944	n/a	65532	3064	n/a	
582	9010756	n/a	0	0	n/a	N	0	0000	60	2.57	0.02	0.14	0.37	3516	60	n/a	56	60	n/a	216	60	n/a	624	60	n/a	
583	9010756	n/a	0	0	n/a	N	0	1000	1216	677	4.35	191	713	64184	1216	n/a	796	1176	n/a	21432	1216	n/a	65532	1216	n/a	
584	9010761	n/a	0	0	n/a	N	0	0000	3524	990	15.7	521	995	53020	3524	n/a	1636	1964	n/a	47016	2180	n/a	65532	3368	n/a	
585	9010761	n/a	0	0	n/a	N	0	0010	1120	79.0	0.26	0.06	1.06	7004	1120	n/a	60	944	n/a	52	296	n/a	436	776	n/a	
586	9010769	n/a	0	0	n/a	N	0	0000	1760	610	10.6	369	455	48608	1760	n/a	900	1684	n/a	34832	1760	n/a	45828	1760	n/a	
587	9011361	n/a	0	0	n/a	N	0	0000	744	91.8	0.29	0.24	0.81	13604	744	n/a	72	740	n/a	60	692	n/a	260	708	n/a	
588	9011361	n/a	0	0	n/a	N	0	0000	72	3.06	0.02	0.01	0.08	3476	72	n/a	36	72	n/a	24	56	n/a	148	72	n/a	
589	9011362	n/a	0	0	n/a	N	0	0000	668	45.9	0.22	0.15	0.63	6504	668	n/a	64	624	n/a	44	600	n/a	204	596	n/a	
590	9012045	n/a	0	0	n/a	N	0	1000	1548	648	6.08	203	795	46384	1548	n/a	552	1536	n/a	15228	1548	n/a	56624	1548	n/a	
591	9013774	n/a	0	0	n/a	N	0	1000	1428	731	2.57	75.9	548	56148	1428	n/a	232	1408	n/a	7264	1428	n/a	52848	1428	n/a	
592	9014009	n/a	0	0	n/a	N	0	0000	92	3.93	0.15	0.13	0.07	3520	92	n/a	164	92	n/a	140	92	n/a	108	80	n/a	
593	9017836	n/a	0	0	n/a	N	0	0000	488	52.7	0.15	0.12	0.26	15260	488	n/a	60	472	n/a	52	472	n/a	156	324	n/a	
594	9018170	n/a	0	0	n/a	N	0	0000	156	9.42	0.09	0.11	0.27	5824	156	n/a	80	156	n/a	84	152	n/a	272	156	n/a	
595	9018386	n/a	0	0	n/a	N	0	1000	1564	741	4.76	235	922	55548	1564	n/a	516	1536	n/a	22808	1564	n/a	65532	1564	n/a	
596	9018517	n/a	0	0	n/a	N	0	0000	104	5.23	0.06	0.14	0.36	4476	104	n/a	76	104	n/a	164	104	n/a	448	104	n/a	
597	9018637	n/a	0	0	n/a	N	0	0000	344	32.5	0.13	0.20	0.20	10480	344	n/a	60	328	n/a	88	344	n/a	172	264	n/a	
598	9020566	n/a	0	0	n/a	N	0	0000	1584	547	9.45	426	619	37980	1584	n/a	828	1532	n/a	31928	1584	n/a	46292	1584	n/a	
599	9022176	n/a	0	0	n/a	N	0	1000	1808	835	12.1	360	1111	49124	1808	n/a	872	1752	n/a	25312	1808	n/a	65532	1808	n/a	
600	9022367	n/a	0	0	n/a	N	0	0000	164	7.42	0.09	0.23	0.33	3812	164	n/a	76	164	n/a	164	164	n/a	356	160	n/a	
601	9022931	n/a	0	0	n/a	N	0	1000	1784	1012	11.3	467	1216	60092	1784	n/a	900	1712	n/a	35340	1784	n/a	65532	1784	n/a	
602	9023908	n/a	0	0	n/a	N	0	1000	2120	956	38.3	843	926	51136	2120	n/a	3108	2064	n/a	57684	2120	n/a	59384	2120	n/a	
603	9023914	n/a	0	0	n/a	N	0	1000	1904	841	21.1	583	985	47856	1904	n/a	1492	1856	n/a	39256	1904	n/a	64304	1904	n/a	
604	9023917	n/a	0	0	n/a	N	0	1000	1844	779	14.9	449	1090	46952	1844	n/a	1016	1796	n/a	35344	1844	n/a	65532	1844	n/a	
605	9023919	n/a	0	0	n/a	N	0	1000	1672	807	20.6	566	957	52648	1672	n/a	1708	1616	n/a	43780	1672	n/a	65532	1672	n/a	
606	9023920	n/a	0	0	n/a	N	0	1000	2272	980	7.44	316	1136	59748	2272	n/a	660	2124	n/a	25480	2180	n/a	65532	2252	n/a	
607	9023920	n/a	0	0	n/a	N	0	0000	456	38.1	5.30	3.06	0.74	8812	456	n/a	1636	456	n/a	1080	456	n/a	348	372	n/a	
608	9023920	n/a	0	0	n/a	N	0	0000	340	29.4	0.42	0.31	0.00	9576	340	n/a	220	320	n/a	232	196	n/a	8	4	n/a	
609	9023921	n/a	0	0	n/a	N	0	1000	1748	649	15.6	684	894	41208	1748	n/a	1372	1676	n/a	55160	1748	n/a	65532	1748	n/a	
610	9023923	n/a	0	0	n/a	N	0	0010	1200	88.7	0.43	0.59	1.54	7572	1200	n/a	68	1184	n/a	112	1100	n/a	320	1124	n/a	
611	9023923	n/a	0	0	n/a	N	0	0010	912	110	0.33	0.61	1.87	13940	912	n/a	88	860	n/a	224	616	n/a	752	800	n/a	
612	9024709	n/a	0	0	n/a	N	0	0000	208	10.2	0.06	0.07	0.07	4220	208	n/a	48	204	n/a	68	196	n/a	100	120	n/a	
613	9024775	n/a	0	0	n/a	N	0	1000	1300	687	15.3	275	637	62508	1300	n/a	1676	1240	n/a	29632	1300	n/a	65532	1300	n/a	
614	9024778	n/a	0	0	n/a	N	0	0000	3188	1504	24.4	794	1759	54144	3188	n/a	1440	3128	n/a	47752	3188	n/a	65532	3188	n/a	
615	9024779	n/a	0	0	n/a	N	0	1000	2252	822	5.20	398	393	45916	2252	n/a	512	2180	n/a	28208	2252	n/a	28088	2252	n/a	
616	9024779	n/a	0	0	n/a	N	0	1000	2072	1022	23.5	650	1391	51528	2072	n/a	1520	1980	n/a	40224	2072	n/a	65532	2072	n/a	
617	9024793	n/a	0	0	n/a	N	0	1000	1756	661	3.27	95.0	420	41248	1756	n/a	260	1744	n/a	8672	1756	n/a	36152	1756	n/a	
618	9026810	n/a	0	0	n/a	N	0	1000	1604	762	12.7	398	1094	52416	1604	n/a	1028	1548	n/a	31052	1604	n/a	65532	1604	n/a	
619	9027339	n/a	0	0	n/a	N	0	1000	1972	766	14.3	498	663	43128	1972	n/a	932	1912	n/a	33376	1972	n/a	44748	1972	n/a	
620	9027340	n/a	0	0	n/a	N	0	1000	1492	978	9.94	513	1021	65532	1492	n/a	928	1444	n/a	42296	1492	n/a	65532	1492	n/a	
621	9027342	n/a	0	0	n/a	N	0	1000	1604	937	29.0	567	1023	64468	1604	n/a	2492	1548	n/a	45816	1604	n/a	65532	1604	n/a	
622	9028451	n/a	0	0	n/a	N	0	0000	580	56.5	0.38	0.75	1.00	15488	580	n/a	144	564	n/a	364	564	n/a	636	316	n/a	
623	9028452	n/a	0	0	n/a	N	0	0000	136	6.95	0.04	0.02	0.00	4532	136	n/a	60	128	n/a	48	120	n/a	0	0	n/a	
624	9028795	n/a	0	0	n/a	N	0	0000	96	4.25	0.03	0.06	0.40	3656	96	n/a	48	92	n/a	72	96	n/a	452	96	n/a	
625	9029054	n/a	0	0	n/a	N	0	1000	1616	949	17.6	492	1119	64260	1616	n/a	1664	1524	n/a	44208	1616	n/a	65532	1616	n/a	
626	9029056	n/a	0	0	n/a	N	0	0000	100	4.86	0.04	0.04	0.10	4216	100	n/a	56	100	n/a	56	100	n/a	256	88	n/a	
627	9029619	n/a	0	0	n/a	N	0	0000	152	6.98	0.06	0.05	0.03	3932	152	n/a	60	152	n/a	52	144	n/a	88	56	n/a	
628	9029726	n/a	0	0	n/a	N	0	1000	2184	1110	17.7	480	1292	55380	2184	n/a	1120	2104	n/a	30100	2184	n/a	65532	2184	n/a	
629	9030121	n/a	0	0	n/a	N	0	0000	520	32.7	0.16	0.13	0.03	6116	520	n/a	64	484	n/a	64	480	n/a	72	88	n/a	
630	9030801	n/a	0	0	n/a	N	0	0000	92	4.08	0.03	0.04	0.04	3684	92	n/a	52	88	n/a	68	88	n/a	108	64	n/a	
631	9032035	n/a	0	0	n/a	N	0	0000	308	24.0	0.12	0.09	0.33	7924	308	n/a	64	304	n/a	56	268	n/a	212	280	n/a	
632	9032067	n/a	0	0	n/a	N	0	1000	1412	754	26.2	552	907	58540	1412	n/a	2740	1328	n/a	47928	1412	n/a	65532	1412	n/a	
633	9032615	n/a	0	0	n/a	N	0	1000	1600	643	4.41	157	589	44072	1600	n/a	416	1568	n/a	13852	1600	n/a	49384	1600	n/a	
634	9032704	n/a	0	0	n/a	N	0	0000	160	8.80	0.08	0.10	0.62	5104	160	n/a	68	160	n/a	76	160	n/a	468	160	n/a	
635	9033255	n/a	0	0	n/a	N	0	0000	280	17.3	0.12	0.15	0.99	5672	280	n/a	64	268	n/a	84	280	n/a	484	280	n/a	
636	9034711	n/a	0	0	n/a	N	0	0000	60	2.68	0.03	0.12	0.32	3728	60	n/a	60	56	n/a	200	60	n/a	524	60	n/a	
637	9034939	n/a	0	0	n/a	N	0	1000	1300	601	3.44	101	389	50428	1300	n/a	368	1252	n/a	12216	1300	n/a	43588	1300	n/a	
638	9034952	n/a	0	0	n/a	N	0	0000	80	3.54	0.03	0.03	0.01	3688	80	n/a	56	76	n/a	56	80	n/a	92	20	n/a	
639	9035699	n/a	0	0	n/a	N	0	0000	84	4.18	0.02	0.01	0.03	4344	84	n/a	40	80	n/a	52	60	n/a	96	40	n/a	
640	9035784	n/a	0	0	n/a	N	0	0000	144	7.32	0.06	0.06	0.08	4460	144	n/a	60	144	n/a	68	144	n/a	212	108	n/a	
641	9035803	n/a	0	0	n/a	N	0	1000	1472	916	22.3	496	986	65532	1472	n/a	2312	1360	n/a	49604	1472	n/a	65532	1472	n/a	
642	9035822	n/a	0	0	n/a	N	0	0000	712	33.8	0.59	4.42	20.6	4108	712	n/a	116	712	n/a	628	712	n/a	2988	712	n/a	
643	9035937	n/a	0	0	n/a	N	0	0000	68	3.21	0.04	0.03	0.10	4060	68	n/a	60	68	n/a	72	68	n/a	232	68	n/a	
644	9037095	n/a	0	0	n/a	N	0	1000	1740	645	3.79	132	501	37660	1740	n/a	300	1696	n/a	10388	1740	n/a	38044	1740	n/a	
645	9038977	n/a	0	0	n/a	N	0	0000	84	3.76	0.03	0.02	0.06	3780	84	n/a	60	76	n/a	44	80	n/a	128	68	n/a	
646	9039020	n/a	0	0	n/a	N	0	0000	236	12.2	0.20	0.93	1.26	4532	236	n/a	108	236	n/a	428	236	n/a	640	236	n/a	
647	9039235	n/a	0	0	n/a	N	0	0000	764	52.8	0.23	0.17	0.59	7428	764	n/a	60	712	n/a	44	652	n/a	220	660	n/a	
648	9039373	n/a	0	0	n/a	N	0	0000	1368	439	2.72	109	513	36828	1368	n/a	256	1368	n/a	10516	1368	n/a	47192	1368	n/a	
649	9039377	n/a	0	0	n/a	N	0	0000	1380	568	6.04	292	834	44368	1380	n/a	648	1344	n/a	30056	1380	n/a	65532	1380	n/a	
650	9039918	n/a	0	0	n/a	N	0	1000	1384	910	11.2	527	976	65532	1384	n/a	1120	1312	n/a	50740	1384	n/a	65532	1384	n/a	
651	9039938	n/a	0	0	n/a	N	0	1000	1576	826	9.78	520	1082	57708	1576	n/a	844	1492	n/a	44524	1576	n/a	65532	1576	n/a	
652	9040826	n/a	0	0	n/a	N	0	0000	2788	926	13.4	418	1126	55388	2788	n/a	1220	1744	n/a	33156	2420	n/a	65532	2784	n/a	
653	9041111	n/a	0	0	n/a	N	0	0000	204	10.1	0.07	0.06	0.05	4288	204	n/a	60	204	n/a	64	184	n/a	108	100	n/a	
654	9043493	n/a	0	0	n/a	N	0	0000	604	45.1	0.19	0.18	0.03	7452	604	n/a	68	540	n/a	72	524	n/a	68	88	n/a	
655	9043978	n/a	0	0	n/a	N	0	0000	84	4.05	0.07	0.43	1.01	4136	84	n/a	88	84	n/a	488	84	n/a	1192	84	n/a	
656	9044118	n/a	0	0	n/a	N	0	0000	308	25.6	0.09	0.08	0.34	9092	308	n/a	52	300	n/a	56	268	n/a	212	292	n/a	
657	9048143	n/a	0	0	n/a	N	0	0000	824	80.6	0.28	0.26	0.10	11868	824	n/a	64	812	n/a	76	764	n/a	128	192	n/a	
658	9049148	n/a	0	0	n/a	N	0	0000	176	11.3	0.11	0.31	1.69	6208	176	n/a	76	176	n/a	200	176	n/a	1160	176	n/a	
659	9052416	n/a	0	0	n/a	N	0	0000	1632	541	11.6	344	546	35424	1632	n/a	964	1620	n/a	28268	1632	n/a	40196	1632	n/a	
660	9053222	n/a	0	0	n/a	N	0	0000	504	27.8	0.17	0.18	0.12	6064	504	n/a	64	488	n/a	64	468	n/a	124	196	n/a	
661	9053439	n/a	0	0	n/a	N	0	0000	512	74.4	0.19	0.16	0.34	17484	512	n/a	68	496	n/a	68	464	n/a	196	408	n/a	
662	9053471	n/a	0	0	n/a	N	0	0000	68	2.97	0.01	0.01	0.01	3632	68	n/a	44	64	n/a	36	56	n/a	88	32	n/a	
663	9056621	n/a	0	0	n/a	N	0	0000	180	10.2	0.06	0.05	0.02	5252	180	n/a	56	168	n/a	60	152	n/a	128	48	n/a	
664	9056622	n/a	0	0	n/a	N	0	0000	196	12.1	0.06	0.07	0.05	5860	196	n/a	44	192	n/a	60	184	n/a	108	92	n/a	
665	9057313	n/a	0	0	n/a	N	0	1000	1752	673	2.79	95.6	471	41312	1752	n/a	224	1724	n/a	7656	1752	n/a	36848	1752	n/a	
666	9057317	n/a	0	0	n/a	N	0	1000	1516	710	3.26	110	453	50932	1516	n/a	324	1488	n/a	10668	1516	n/a	40092	1516	n/a	
667	9057383	n/a	0	0	n/a	N	0	0000	112	5.23	0.06	0.26	0.16	3984	112	n/a	76	112	n/a	240	112	n/a	244	112	n/a	
668	9059072	n/a	0	0	n/a	N	0	0010	1256	70.4	0.53	0.81	0.50	6436	1256	n/a	68	1240	n/a	120	1224	n/a	232	700	n/a	
669	9059624	n/a	0	0	n/a	N	0	1000	1548	619	15.6	363	779	44000	1548	n/a	1604	1488	n/a	29732	1548	n/a	60360	1548	n/a	
670	9059639	n/a	0	0	n/a	N	0	1000	1568	705	22.7	462	890	57700	1568	n/a	2328	1492	n/a	44908	1568	n/a	65532	1568	n/a	
671	9062278	n/a	0	0	n/a	N	0	0000	344	19.8	0.13	0.12	0.25	5620	344	n/a	64	340	n/a	56	336	n/a	168	292	n/a	
672	9073205	n/a	0	0	n/a	N	0	1000	1680	804	4.03	279	969	50948	1680	n/a	348	1624	n/a	20788	1680	n/a	65532	1680	n/a	
673	9075865	n/a	0	0	n/a	N	0	0000	104	5.65	0.05	0.11	0.22	4980	104	n/a	60	104	n/a	128	104	n/a	304	100	n/a	
674	9082527	n/a	0	0	n/a	N	0	0000	112	5.61	0.04	0.28	0.56	4336	112	n/a	44	112	n/a	236	112	n/a	544	112	n/a	
675	9083971	n/a	0	0	n/a	N	0	0000	416	21.0	0.15	0.16	1.39	4452	416	n/a	64	408	n/a	76	400	n/a	480	416	n/a	
676	9087118	n/a	0	0	n/a	N	0	0010	1160	149	0.39	0.36	0.15	18044	1160	n/a	68	1096	n/a	72	1052	n/a	112	340	n/a	
677	9088168	n/a	0	0	n/a	N	0	0000	208	13.2	0.08	0.07	0.06	6180	208	n/a	56	200	n/a	60	192	n/a	124	96	n/a	
678	9090199	n/a	0	0	n/a	N	0	1000	1652	936	23.5	696	1188	61328	1652	n/a	2256	1572	n/a	58904	1652	n/a	65532	1652	n/a	
679	9092311	n/a	0	0	n/a	N	0	0000	544	37.7	0.17	0.15	0.02	8724	544	n/a	64	520	n/a	60	512	n/a	80	60	n/a	
680	9093425	n/a	0	0	n/a	N	0	0000	156	8.45	0.05	0.04	0.17	4928	156	n/a	56	144	n/a	44	132	n/a	168	156	n/a	
681	9093920	n/a	0	0	n/a	N	0	0000	96	4.61	0.05	0.24	1.63	4136	96	n/a	72	96	n/a	312	96	n/a	1884	96	n/a	
682	9096325	n/a	0	0	n/a	N	0	0000	424	20.3	0.14	0.12	0.33	4296	424	n/a	64	400	n/a	72	404	n/a	192	404	n/a	
683	9096325	n/a	0	0	n/a	N	0	0000	308	14.5	0.12	0.09	0.25	4184	308	n/a	60	300	n/a	56	292	n/a	192	276	n/a	
684	9098087	n/a	0	0	n/a	N	0	0000	156	8.48	0.08	0.53	2.37	4836	156	n/a	76	156	n/a	332	156	n/a	1536	156	n/a	
685	9098163	n/a	0	0	n/a	N	0	0000	156	7.70	0.04	0.04	0.02	4288	156	n/a	64	148	n/a	56	136	n/a	84	56	n/a	
686	9099400	n/a	0	0	n/a	N	0	0000	112	5.86	0.04	0.04	0.10	4656	112	n/a	52	104	n/a	44	108	n/a	204	92	n/a	
687	9102640	n/a	0	0	n/a	N	0	0000	240	14.2	0.08	0.14	0.90	5172	240	n/a	60	236	n/a	68	240	n/a	488	240	n/a	
688	9104615	n/a	0	0	n/a	N	0	0000	148	6.94	0.05	0.04	0.04	4004	148	n/a	76	132	n/a	52	128	n/a	104	76	n/a	
689	9104616	n/a	0	0	n/a	N	0	0000	84	3.72	0.02	0.02	0.00	3684	84	n/a	64	68	n/a	44	72	n/a	56	4	n/a	
690	9106475	n/a	0	0	n/a	N	0	1000	1916	962	26.6	789	1111	54448	1916	n/a	1784	1868	n/a	54200	1916	n/a	65532	1916	n/a	
691	9106882	n/a	0	0	n/a	N	0	0000	452	21.7	0.15	0.12	0.41	4180	452	n/a	64	424	n/a	56	408	n/a	200	388	n/a	
692	9106882	n/a	0	0	n/a	N	0	0000	224	13.5	0.09	0.08	0.29	6316	224	n/a	72	224	n/a	56	212	n/a	192	224	n/a	
693	9106882	n/a	0	0	n/a	N	0	0000	488	27.0	0.19	0.21	0.63	5332	488	n/a	76	476	n/a	80	480	n/a	288	476	n/a	
694	9108606	n/a	0	0	n/a	N	0	1000	1620	636	6.67	305	796	43624	1620	n/a	636	1500	n/a	29968	1620	n/a	63528	1620	n/a	
695	9108609	n/a	0	0	n/a	N	0	0000	2788	879	16.1	668	1143	45952	2788	n/a	1216	1744	n/a	49124	2356	n/a	65532	2476	n/a	
696	9112256	n/a	0	0	n/a	N	0	1000	1600	717	16.7	169	327	54656	1600	n/a	1564	1492	n/a	16236	1600	n/a	26908	1600	n/a	
697	9114121	n/a	0	0	n/a	N	0	0000	440	34.6	0.13	0.08	0.13	9044	440	n/a	64	412	n/a	44	344	n/a	120	220	n/a	
698	9115053	n/a	0	0	n/a	N	0	0000	140	7.06	0.05	0.10	0.31	4412	140	n/a	56	136	n/a	76	140	n/a	288	140	n/a	
699	9117589	n/a	0	0	n/a	N	0	0000	1912	253	0.65	0.46	1.75	16020	1912	n/a	68	1816	n/a	60	1604	n/a	204	1728	n/a	
700	9117590	n/a	0	0	n/a	N	0	0000	252	16.2	0.10	0.07	0.18	6420	252	n/a	68	248	n/a	56	228	n/a	140	220	n/a	
701	9117590	n/a	0	0	n/a	N	0	0000	352	20.0	0.12	0.08	0.29	5820	352	n/a	56	340	n/a	52	304	n/a	220	320	n/a	
702	9117590	n/a	0	0	n/a	N	0	0000	1428	95.6	0.52	0.35	1.16	8732	1428	n/a	64	1396	n/a	64	1308	n/a	228	1212	n/a	
703	9117590	n/a	0	0	n/a	N	0	0000	172	9.28	0.04	0.02	0.12	4920	172	n/a	56	152	n/a	32	120	n/a	156	152	n/a	
704	9117590	n/a	0	0	n/a	N	0	0000	244	12.3	0.08	0.05	0.17	4620	244	n/a	68	232	n/a	44	200	n/a	176	200	n/a	
705	9118696	n/a	0	0	n/a	N	0	0000	220	15.4	0.08	0.08	0.02	6928	220	n/a	60	220	n/a	64	212	n/a	60	40	n/a	
706	9118876	n/a	0	0	n/a	N	0	0000	240	13.4	0.07	0.06	0.03	5332	240	n/a	60	212	n/a	60	212	n/a	96	48	n/a	
707	9118876	n/a	0	0	n/a	N	0	0000	132	5.81	0.05	0.04	0.02	3660	132	n/a	60	132	n/a	44	124	n/a	92	40	n/a	
708	9118877	n/a	0	0	n/a	N	0	0000	1604	154	0.58	1.21	0.86	11084	1604	n/a	152	1484	n/a	748	1352	n/a	892	372	n/a	
709	9120555	n/a	0	0	n/a	N	0	1000	2088	1140	21.4	693	1364	58440	2088	n/a	1420	2000	n/a	49012	2088	n/a	65532	2088	n/a	
710	9120693	n/a	0	0	n/a	N	0	0000	168	7.43	0.04	0.04	0.14	3768	168	n/a	52	156	n/a	44	156	n/a	188	152	n/a	
711	9123938	n/a	0	0	n/a	N	0	1000	1772	970	28.3	735	1166	65108	1772	n/a	2312	1696	n/a	58108	1772	n/a	65532	1772	n/a	
712	9125932	n/a	0	0	n/a	N	0	0000	1384	467	4.95	253	707	36992	1384	n/a	468	1328	n/a	24528	1384	n/a	60384	1384	n/a	
713	9125938	n/a	0	0	n/a	N	0	1000	2456	1296	6.71	286	1282	65240	2456	n/a	512	2336	n/a	18868	2452	n/a	65532	2456	n/a	
714	9125939	n/a	0	0	n/a	N	0	0000	3784	1664	14.2	620	1840	49936	3784	n/a	780	3688	n/a	30080	3784	n/a	64064	3784	n/a	
715	9126916	n/a	0	0	n/a	N	0	0000	160	9.61	0.07	0.05	0.13	5824	160	n/a	60	160	n/a	48	156	n/a	180	132	n/a	
716	9134016	n/a	0	0	n/a	N	0	0000	1608	542	7.88	232	625	36536	1608	n/a	664	1572	n/a	18960	1608	n/a	49768	1608	n/a	
717	9134466	n/a	0	0	n/a	N	0	0000	120	6.07	0.03	0.03	0.05	4536	120	n/a	44	96	n/a	48	108	n/a	144	72	n/a	
718	9134554	n/a	0	0	n/a	N	0	0000	172	10.4	0.04	0.04	0.13	5836	172	n/a	48	156	n/a	44	156	n/a	152	144	n/a	
719	9134555	n/a	0	0	n/a	N	0	0000	1456	116	0.52	0.47	0.98	11148	1456	n/a	76	1372	n/a	80	1268	n/a	220	1140	n/a	
720	9137367	n/a	0	0	n/a	N	0	0000	1260	495	11.3	402	599	43136	1260	n/a	1268	1208	n/a	43088	1260	n/a	60192	1260	n/a	
721	9138672	n/a	0	0	n/a	N	0	0000	260	15.1	0.08	0.05	0.11	5712	260	n/a	56	248	n/a	52	208	n/a	124	200	n/a	
722	9140011	n/a	0	0	n/a	N	0	0000	740	65.4	0.24	0.30	0.12	9628	740	n/a	68	696	n/a	108	700	n/a	180	220	n/a	
723	9140480	n/a	0	0	n/a	N	0	0000	64	3.08	0.03	0.04	0.03	4176	64	n/a	68	60	n/a	88	64	n/a	100	44	n/a	
724	9142738	n/a	0	0	n/a	N	0	0000	1740	538	3.52	131	548	34620	1740	n/a	272	1700	n/a	9912	1740	n/a	42476	1740	n/a	
725	9143210	n/a	0	0	n/a	N	0	1000	1932	898	6.53	242	910	53756	1932	n/a	532	1836	n/a	21508	1932	n/a	65532	1932	n/a	
726	9144017	n/a	0	0	n/a	N	0	0000	1276	491	0.64	18.4	142	42344	1276	n/a	80	1264	n/a	2072	1272	n/a	15488	1276	n/a	
727	9146155	n/a	0	0	n/a	N	0	0000	116	5.51	0.03	0.02	0.01	4120	116	n/a	56	100	n/a	44	76	n/a	32	28	n/a	
728	9146155	n/a	0	0	n/a	N	0	0000	88	3.98	0.03	0.02	0.00	3752	88	n/a	44	88	n/a	36	76	n/a	40	8	n/a	
729	9147900	n/a	0	0	n/a	N	0	0000	320	20.0	0.09	0.08	0.26	5724	320	n/a	64	296	n/a	48	288	n/a	184	280	n/a	
730	9147938	n/a	0	0	n/a	N	0	1000	1420	592	9.42	285	756	48348	1420	n/a	856	1344	n/a	26420	1420	n/a	65204	1420	n/a	
731	9147943	n/a	0	0	n/a	N	0	1000	1972	923	8.45	399	1144	55368	1972	n/a	736	1876	n/a	34340	1972	n/a	65532	1972	n/a	
732	9147944	n/a	0	0	n/a	N	0	1000	1976	1013	25.5	726	1181	64744	1976	n/a	2076	1900	n/a	54408	1976	n/a	65532	1976	n/a	
733	9148233	n/a	0	0	n/a	N	0	0000	528	38.5	0.96	5.06	5.78	8340	528	n/a	244	528	n/a	1412	528	n/a	1892	528	n/a	
734	9148941	n/a	0	0	n/a	N	0	0010	996	77.1	0.34	0.22	0.52	9096	996	n/a	68	976	n/a	64	844	n/a	204	680	n/a	
735	9149003	n/a	0	0	n/a	N	0	0000	396	28.7	0.14	0.23	0.11	6996	396	n/a	64	372	n/a	156	360	n/a	124	200	n/a	
736	9149717	n/a	0	0	n/a	N	0	0000	244	13.9	0.09	0.09	0.18	5448	244	n/a	60	232	n/a	64	240	n/a	180	200	n/a	
737	9150191	n/a	0	0	n/a	N	0	1000	1552	891	24.5	520	1019	64996	1552	n/a	2188	1464	n/a	42680	1552	n/a	65532	1552	n/a	
738	9150574	n/a	0	0	n/a	N	0	1000	1428	675	3.11	83.2	383	56628	1428	n/a	376	1384	n/a	9772	1428	n/a	42860	1428	n/a	
739	9150575	n/a	0	0	n/a	N	0	1000	1840	686	2.99	112	463	41276	1840	n/a	236	1792	n/a	9212	1840	n/a	37568	1840	n/a	
740	9150626	n/a	0	0	n/a	N	0	1000	1592	809	5.50	268	901	61816	1592	n/a	524	1532	n/a	22072	1592	n/a	65532	1592	n/a	
741	9150627	n/a	0	0	n/a	N	0	0000	708	82.8	0.02	0.01	0.53	12376	708	n/a	40	176	n/a	36	100	n/a	312	456	n/a	
742	9150627	n/a	0	0	n/a	N	0	0000	1620	570	2.52	154	737	37924	1620	n/a	224	1556	n/a	12192	1620	n/a	55324	1620	n/a	
743	9150628	n/a	0	0	n/a	N	0	1000	1556	640	4.14	176	718	43868	1556	n/a	404	1508	n/a	14672	1556	n/a	58488	1556	n/a	
744	9150630	n/a	0	0	n/a	N	0	0000	1624	434	4.44	305	697	30224	1624	n/a	396	1624	n/a	27036	1624	n/a	50364	1624	n/a	
745	9152076	n/a	0	0	n/a	N	0	1000	1492	915	16.9	373	1037	65532	1492	n/a	1504	1404	n/a	31524	1492	n/a	65532	1492	n/a	
746	9152080	n/a	0	0	n/a	N	0	1000	1804	973	8.61	338	1194	59676	1804	n/a	656	1724	n/a	26764	1804	n/a	65532	1804	n/a	
747	9152923	n/a	0	0	n/a	N	0	0000	616	51.8	0.25	0.28	0.48	9040	616	n/a	76	604	n/a	92	608	n/a	232	440	n/a	
748	9153075	n/a	0	0	n/a	N	0	1000	1380	646	4.48	190	535	52456	1380	n/a	464	1312	n/a	20604	1380	n/a	57220	1380	n/a	
749	9154301	n/a	0	0	n/a	N	0	0010	1092	90.3	0.39	0.51	1.64	10744	1092	n/a	72	1060	n/a	108	1060	n/a	324	1064	n/a	
750	9156571	n/a	0	0	n/a	N	0	0000	136	7.84	0.04	0.04	0.14	5468	136	n/a	64	124	n/a	52	128	n/a	144	132	n/a	
751	9156980	n/a	0	0	n/a	N	0	0000	1756	558	3.13	160	849	35792	1756	n/a	316	1740	n/a	12776	1756	n/a	64656	1756	n/a	
752	9160389	n/a	0	0	n/a	N	0	0000	1192	547	4.14	183	684	47976	1192	n/a	492	1160	n/a	19440	1192	n/a	65532	1192	n/a	
753	9160389	n/a	0	0	n/a	N	0	0000	1468	481	2.69	140	526	34556	1468	n/a	244	1436	n/a	12720	1468	n/a	41772	1468	n/a	
754	9160391	n/a	0	0	n/a	N	0	1000	1888	920	14.1	383	726	51812	1888	n/a	1024	1816	n/a	27016	1888	n/a	50704	1888	n/a	
755	9160392	n/a	0	0	n/a	N	0	1000	1692	632	13.8	346	367	39756	1692	n/a	1084	1624	n/a	26308	1692	n/a	28056	1692	n/a	
756	9160617	n/a	0	0	n/a	N	0	1000	1656	732	3.49	121	449	45220	1656	n/a	284	1600	n/a	9816	1656	n/a	36064	1656	n/a	
757	9160618	n/a	0	0	n/a	N	0	1000	1476	614	3.18	54.9	232	47264	1476	n/a	316	1420	n/a	5112	1476	n/a	21588	1476	n/a	
758	9160619	n/a	0	0	n/a	N	0	1000	1256	844	3.11	73.7	330	65532	1256	n/a	328	1208	n/a	7288	1256	n/a	34788	1256	n/a	
759	9160825	n/a	0	0	n/a	N	0	0000	516	29.7	0.17	0.13	0.38	5800	516	n/a	60	480	n/a	60	448	n/a	172	456	n/a	
760	9161251	n/a	0	0	n/a	N	0	0000	1768	638	1.97	216	939	36744	1768	n/a	172	1760	n/a	16796	1768	n/a	65532	1768	n/a	
761	9162060	n/a	0	0	n/a	N	0	1000	1868	745	4.64	183	885	39712	1868	n/a	308	1808	n/a	12440	1868	n/a	56048	1868	n/a	
762	9162061	n/a	0	0	n/a	N	0	0000	500	28.7	0.26	0.44	0.96	5604	500	n/a	84	500	n/a	120	500	n/a	320	496	n/a	
763	9162956	n/a	0	0	n/a	N	0	1000	1256	830	7.77	218	810	65532	1256	n/a	884	1212	n/a	22748	1256	n/a	65532	1256	n/a	
764	9162956	n/a	0	0	n/a	N	0	0000	104	5.11	0.00	0.11	1.02	4244	104	n/a	0	0	n/a	152	104	n/a	1056	104	n/a	
765	9163127	n/a	0	0	n/a	N	0	0000	68	3.03	0.03	0.05	0.22	3716	68	n/a	64	68	n/a	76	68	n/a	328	68	n/a	
766	9165440	n/a	0	0	n/a	N	0	1000	1904	790	20.0	568	806	47608	1904	n/a	1576	1840	n/a	42472	1904	n/a	59372	1904	n/a	
767	9165999	n/a	0	0	n/a	N	0	0010	1372	146	0.47	0.43	0.86	15516	1372	n/a	88	1328	n/a	68	1256	n/a	208	988	n/a	
768	9166001	n/a	0	0	n/a	N	0	0000	10284	1606	3.59	2.86	6.91	26416	10284	n/a	260	9632	n/a	316	8104	n/a	920	5688	n/a	
769	9166334	n/a	0	0	n/a	N	0	1000	2216	984	6.41	345	1308	47340	2216	n/a	432	2156	n/a	21332	2216	n/a	65532	2216	n/a	
770	9166696	n/a	0	0	n/a	N	0	0000	252	11.2	0.07	0.07	0.24	3784	252	n/a	60	236	n/a	48	236	n/a	184	244	n/a	
771	9166817	n/a	0	0	n/a	N	0	0000	1720	494	13.3	353	359	33072	1720	n/a	1084	1660	n/a	27520	1720	n/a	27788	1720	n/a	
772	9166822	n/a	0	0	n/a	N	0	0010	992	54.3	1.43	6.46	7.54	5060	992	n/a	180	992	n/a	672	992	n/a	928	992	n/a	
773	9166882	n/a	0	0	n/a	N	0	0000	248	15.0	0.06	0.04	0.02	5852	248	n/a	52	220	n/a	40	172	n/a	76	64	n/a	
774	9166925	n/a	0	0	n/a	N	0	0000	1720	563	3.10	160	718	36908	1720	n/a	244	1692	n/a	12360	1720	n/a	55336	1720	n/a	
775	9167527	n/a	0	0	n/a	N	0	0010	992	78.9	0.36	0.34	0.85	11048	992	n/a	68	956	n/a	80	956	n/a	212	908	n/a	
776	9167846	n/a	0	0	n/a	N	0	0000	120	7.32	0.08	0.49	1.74	5700	120	n/a	84	120	n/a	476	120	n/a	1604	120	n/a	
777	9168585	n/a	0	0	n/a	N	0	1000	1992	714	4.25	259	1113	34956	1992	n/a	316	1956	n/a	17772	1992	n/a	65532	1992	n/a	
778	9168589	n/a	0	0	n/a	N	0	0000	1792	613	16.2	403	718	46968	1792	n/a	1568	1736	n/a	36252	1792	n/a	57320	1792	n/a	
779	9170094	n/a	0	0	n/a	N	0	1000	1424	613	2.96	72.2	352	49360	1424	n/a	312	1392	n/a	7860	1424	n/a	38240	1424	n/a	
780	9170096	n/a	0	0	n/a	N	0	0000	1684	616	2.19	79.5	302	37576	1684	n/a	168	1660	n/a	6280	1680	n/a	22412	1684	n/a	
781	9177698	n/a	0	0	n/a	N	0	0000	592	104	2.78	14.8	23.1	19236	592	n/a	776	592	n/a	3676	592	n/a	5248	592	n/a	
782	9177699	n/a	0	0	n/a	N	0	0000	176	9.10	0.06	0.04	0.02	4608	176	n/a	60	168	n/a	64	136	n/a	76	80	n/a	
783	9177969	n/a	0	0	n/a	N	0	0000	472	26.8	0.15	0.11	0.04	5660	472	n/a	56	460	n/a	52	432	n/a	72	100	n/a	
784	9177969	n/a	0	0	n/a	N	0	0000	1524	128	0.54	0.53	1.15	11216	1524	n/a	76	1448	n/a	164	1368	n/a	760	716	n/a	
785	9179649	n/a	0	0	n/a	N	0	1000	1436	887	7.50	261	846	65532	1436	n/a	960	1264	n/a	26100	1436	n/a	65532	1436	n/a	
786	9179877	n/a	0	0	n/a	N	0	0000	144	8.60	0.04	0.02	0.04	5684	144	n/a	52	136	n/a	36	108	n/a	144	72	n/a	
787	9180583	n/a	0	0	n/a	N	0	0000	68	3.07	0.03	0.03	0.10	3836	68	n/a	60	64	n/a	56	60	n/a	204	68	n/a	
788	9181743	n/a	0	0	n/a	N	0	0000	1232	526	2.18	141	504	45364	1232	n/a	232	1224	n/a	16136	1232	n/a	56620	1232	n/a	
789	9181745	n/a	0	0	n/a	N	0	1000	1220	633	4.08	283	838	53896	1220	n/a	468	1200	n/a	28128	1220	n/a	65532	1220	n/a	
790	9182259	n/a	0	0	n/a	N	0	0000	1644	591	4.31	242	904	35536	1644	n/a	352	1612	n/a	18664	1644	n/a	65532	1644	n/a	
791	9182278	n/a	0	0	n/a	N	0	0000	1224	353	1.84	80.1	300	31724	1224	n/a	188	1216	n/a	10016	1224	n/a	33624	1224	n/a	
792	9182279	n/a	0	0	n/a	N	0	1000	1500	603	2.45	137	561	40104	1500	n/a	224	1456	n/a	12596	1500	n/a	50064	1500	n/a	
793	9183092	n/a	0	0	n/a	N	0	1000	1532	646	2.45	50.6	254	49196	1532	n/a	248	1496	n/a	4848	1528	n/a	22472	1532	n/a	
794	9183093	n/a	0	0	n/a	N	0	0000	1332	520	1.71	79.1	360	41968	1332	n/a	188	1328	n/a	8508	1332	n/a	38504	1332	n/a	
795	9183794	n/a	0	0	n/a	N	0	0000	644	57.3	0.39	6.27	45.0	9360	644	n/a	92	644	n/a	1000	644	n/a	8000	644	n/a	
796	9184014	n/a	0	0	n/a	N	0	0000	132	6.98	0.05	0.06	0.09	4808	132	n/a	60	132	n/a	68	128	n/a	168	112	n/a	
797	9184279	n/a	0	0	n/a	N	0	0000	140	9.30	0.11	0.64	2.57	6336	140	n/a	116	140	n/a	608	140	n/a	2568	140	n/a	
798	9185009	n/a	0	0	n/a	N	0	0000	1068	408	1.95	105	613	42188	1068	n/a	248	1064	n/a	12520	1068	n/a	65532	1068	n/a	
799	9185250	n/a	0	0	n/a	N	0	1000	1312	691	1.47	118	726	58056	1312	n/a	152	1276	n/a	12076	1312	n/a	65532	1312	n/a	
800	9186044	n/a	0	0	n/a	N	0	1000	1372	850	18.3	432	798	65532	1372	n/a	1680	1312	n/a	43884	1372	n/a	65532	1372	n/a	
801	9186109	n/a	0	0	n/a	N	0	1000	1440	637	10.4	335	493	57200	1440	n/a	1008	1372	n/a	30340	1440	n/a	42992	1440	n/a	
802	9186421	n/a	0	0	n/a	N	0	0000	964	480	2.19	92.2	437	56148	964	n/a	392	944	n/a	15836	964	n/a	65532	964	n/a	
803	9186447	n/a	0	0	n/a	N	0	1000	1208	623	3.30	132	575	57664	1208	n/a	372	1168	n/a	12944	1208	n/a	54632	1208	n/a	
804	9186549	n/a	0	0	n/a	N	0	0000	156	7.98	0.06	0.04	0.08	4672	156	n/a	52	156	n/a	44	136	n/a	152	112	n/a	
805	9186618	n/a	0	0	n/a	N	0	0000	348	27.6	0.36	3.48	9.31	7892	348	n/a	140	348	n/a	1348	348	n/a	3288	348	n/a	
806	9186812	n/a	0	0	n/a	N	0	0000	1280	556	3.86	81.1	275	46604	1280	n/a	440	1256	n/a	8728	1280	n/a	28440	1280	n/a	
807	9186971	n/a	0	0	n/a	N	0	1000	1288	719	32.6	599	882	61672	1288	n/a	3748	1224	n/a	59912	1288	n/a	65532	1288	n/a	
808	9187388	n/a	0	0	n/a	N	0	0000	368	31.2	0.31	0.33	1.25	8920	368	n/a	140	368	n/a	124	368	n/a	500	368	n/a	
809	9188298	n/a	0	0	n/a	N	0	0000	328	29.5	0.23	0.70	3.04	8528	328	n/a	88	328	n/a	236	328	n/a	1024	328	n/a	
810	9188883	n/a	0	0	n/a	N	0	1000	1512	962	7.61	220	995	65532	1512	n/a	716	1440	n/a	19160	1512	n/a	65532	1512	n/a	
811	9188910	n/a	0	0	n/a	N	0	1000	1968	868	382	569	1111	48188	1968	n/a	49572	1968	n/a	53432	1968	n/a	65532	1968	n/a	
812	9188951	n/a	0	0	n/a	N	0	1000	1696	873	16.6	425	1138	54856	1696	n/a	1456	1632	n/a	34596	1696	n/a	65532	1696	n/a	
813	9188975	n/a	0	0	n/a	N	0	0000	400	22.2	0.12	0.10	0.25	5056	400	n/a	68	384	n/a	44	360	n/a	156	332	n/a	
814	9189643	n/a	0	0	n/a	N	0	0000	1616	503	1.70	91.5	479	33080	1616	n/a	160	1584	n/a	8884	1616	n/a	43528	1616	n/a	
815	9189644	n/a	0	0	n/a	N	0	0000	1388	342	3.26	124	340	28540	1388	n/a	380	1264	n/a	11120	1380	n/a	28608	1388	n/a	
816	9189645	n/a	0	0	n/a	N	0	0000	152	7.53	0.06	0.11	0.34	4436	152	n/a	52	148	n/a	100	152	n/a	324	152	n/a	
817	9189645	n/a	0	0	n/a	N	0	0000	568	62.8	0.50	2.91	6.89	13324	568	n/a	116	568	n/a	676	568	n/a	1720	568	n/a	
818	9189780	n/a	0	0	n/a	N	0	0000	108	5.62	0.05	0.05	0.14	4600	108	n/a	76	108	n/a	68	100	n/a	192	108	n/a	
819	9189781	n/a	0	0	n/a	N	0	1000	1772	953	4.04	95.4	367	56680	1772	n/a	308	1684	n/a	7224	1768	n/a	25348	1772	n/a	
820	9189783	n/a	0	0	n/a	N	0	1000	1924	1085	3.18	122	761	65532	1924	n/a	272	1832	n/a	9372	1924	n/a	55776	1924	n/a	
821	9189880	n/a	0	0	n/a	N	0	0000	116	5.53	0.08	0.17	0.20	4088	116	n/a	88	116	n/a	156	116	n/a	252	116	n/a	
822	9189978	n/a	0	0	n/a	N	0	0000	144	8.51	0.06	0.06	0.19	5624	144	n/a	60	144	n/a	68	140	n/a	212	144	n/a	
823	9189999	n/a	0	0	n/a	N	0	1000	1668	849	6.33	281	1072	53152	1668	n/a	552	1600	n/a	24628	1668	n/a	65532	1668	n/a	
824	9190037	n/a	0	0	n/a	N	0	0000	72	3.23	0.21	0.17	0.10	3756	72	n/a	304	72	n/a	232	72	n/a	232	72	n/a	
825	9190079	n/a	0	0	n/a	N	0	1000	2352	1443	20.7	589	1500	65532	2352	n/a	1500	2264	n/a	35720	2352	n/a	65532	2352	n/a	
826	9190129	n/a	0	0	n/a	N	0	1000	1248	562	1.51	102	477	50840	1248	n/a	188	1220	n/a	11960	1248	n/a	47256	1248	n/a	
827	9190131	n/a	0	0	n/a	N	0	0000	1584	436	4.13	206	529	33160	1584	n/a	324	1560	n/a	15856	1584	n/a	41252	1584	n/a	
828	9190132	n/a	0	0	n/a	N	0	0000	1360	464	4.93	220	369	36488	1360	n/a	440	1324	n/a	18368	1360	n/a	29268	1360	n/a	
829	9190287	n/a	0	0	n/a	N	0	1000	1576	742	17.0	327	858	57956	1576	n/a	1612	1340	n/a	29984	1576	n/a	65532	1576	n/a	
830	9190315	n/a	0	0	n/a	N	0	1000	1484	909	5.13	140	847	65532	1484	n/a	484	1356	n/a	12728	1464	n/a	65532	1484	n/a	
831	9190628	n/a	0	0	n/a	N	0	1000	1312	604	2.66	68.1	319	50264	1312	n/a	264	1292	n/a	6868	1312	n/a	31472	1312	n/a	
832	9190639	n/a	0	0	n/a	N	0	0000	1664	572	2.45	192	745	41144	1664	n/a	260	1628	n/a	16824	1664	n/a	62012	1664	n/a	
833	9190748	n/a	0	0	n/a	N	0	1000	1996	755	5.54	311	986	40944	1996	n/a	412	1948	n/a	21552	1996	n/a	62520	1996	n/a	
834	9190749	n/a	0	0	n/a	N	0	1000	2148	793	10.6	321	727	39372	2148	n/a	728	2088	n/a	21092	2148	n/a	43876	2148	n/a	
835	9191043	n/a	0	0	n/a	N	0	0000	268	15.5	0.09	0.08	0.03	5740	268	n/a	56	256	n/a	72	252	n/a	68	100	n/a	
836	9191091	n/a	0	0	n/a	N	0	0000	116	5.40	0.05	0.04	0.14	3964	116	n/a	68	116	n/a	68	116	n/a	200	108	n/a	
837	9191161	n/a	0	0	n/a	N	0	1000	2084	789	2.99	94.2	491	42212	2084	n/a	228	2040	n/a	6696	2084	n/a	35240	2084	n/a	
838	9191201	n/a	0	0	n/a	N	0	0000	1552	488	8.16	295	347	34632	1552	n/a	684	1484	n/a	26456	1552	n/a	30648	1552	n/a	
839	9191728	n/a	0	0	n/a	N	0	0000	1436	501	4.51	164	312	39092	1436	n/a	404	1424	n/a	14612	1436	n/a	26876	1436	n/a	
840	9192047	n/a	0	0	n/a	N	0	0000	1412	536	2.40	76.9	317	41604	1412	n/a	204	1356	n/a	7728	1412	n/a	31896	1412	n/a	
841	9192160	n/a	0	0	n/a	N	0	1000	1196	642	1.99	95.0	458	57168	1196	n/a	204	1180	n/a	10604	1196	n/a	46956	1196	n/a	
842	9192379	n/a	0	0	n/a	N	0	0000	2016	562	2.99	199	872	28080	2016	n/a	204	2000	n/a	12120	2016	n/a	51956	2016	n/a	
843	9192453	n/a	0	0	n/a	N	0	0000	1280	315	11.8	115	271	30936	1280	n/a	1524	1280	n/a	14828	1280	n/a	31784	1280	n/a	
844	9192908	n/a	0	0	n/a	N	0	1000	1988	708	9.26	366	535	36556	1988	n/a	652	1940	n/a	23900	1988	n/a	32504	1988	n/a	
845	9192936	n/a	0	0	n/a	N	0	1000	2256	1071	6.34	274	912	53904	2256	n/a	460	2164	n/a	16432	2256	n/a	47696	2256	n/a	
846	9192938	n/a	0	0	n/a	N	0	1000	2812	1425	19.3	771	1283	55720	2812	n/a	1140	2768	n/a	37584	2812	n/a	62164	2812	n/a	
847	9193144	n/a	0	0	n/a	N	0	1000	1732	1041	4.96	115	615	61600	1732	n/a	392	1660	n/a	8588	1732	n/a	45812	1732	n/a	
848	9193234	n/a	0	0	n/a	N	0	0000	1936	649	3.31	163	749	38612	1936	n/a	256	1888	n/a	10076	1936	n/a	45284	1936	n/a	
849	9193365	n/a	0	0	n/a	N	0	1000	1552	782	15.1	266	836	56392	1552	n/a	1244	1456	n/a	20724	1552	n/a	65532	1552	n/a	
850	9193502	n/a	0	0	n/a	N	0	1000	1788	775	6.65	230	990	47568	1788	n/a	504	1740	n/a	17596	1788	n/a	65532	1788	n/a	
851	9193503	n/a	0	0	n/a	N	0	0000	1824	601	5.91	368	429	38288	1824	n/a	516	1732	n/a	32100	1824	n/a	32172	1824	n/a	
852	9193949	n/a	0	0	n/a	N	0	1000	1544	725	4.07	191	751	50052	1544	n/a	340	1496	n/a	17104	1544	n/a	65532	1544	n/a	
853	9196076	n/a	0	0	n/a	N	0	0000	2472	590	5.15	224	373	25576	2472	n/a	320	2404	n/a	11776	2472	n/a	18636	2472	n/a	
854	9197439	n/a	0	0	n/a	N	0	0000	1492	538	2.47	71.6	234	38828	1492	n/a	240	1464	n/a	6396	1492	n/a	20860	1492	n/a	
855	9198888	n/a	0	0	n/a	N	0	1000	1576	638	3.99	228	752	49360	1576	n/a	368	1544	n/a	17356	1576	n/a	55136	1576	n/a	
856	9198984	n/a	0	0	n/a	N	0	0000	1300	315	4.42	220	486	26268	1300	n/a	540	1296	n/a	21892	1300	n/a	42712	1300	n/a	

Integrated system. Data recorded by another application. 
FlowCell: 250 micron
Scan Rate: 2500K
Trigger source: Extinction
Signal threshold: 500
Minimum time of flight: 60
Signal gains:
	Extinction: 1.0
	Green: 1.0
	Yellow: 1.0
	Red: 1.0
Extinction detector power: 
0.47
PMT voltage:
	Green: 500
	Yellow: 600
	Red: 700
Pressure:
0.000;5.940;2.500
Drop width: 5.0
Sort delay: 10.0
Lasers:
Sapphire488	power = 50
Sapphire561	power = 50

R2 (TOF;Extinction): 893,160; 922,16; 1416,64; 1350,232;
R4 (TOF;Extinction): 774,1472; 929,520; 2258,712; 2841,1432; 2686,2008; 1697,1896;
R1 (TOF;Extinction): 1129,952; 1166,800; 1594,1088; 1749,1192; 1756,1344; 1579,1352;
Sort gate:
 Individual gates for each well
Stored data gate:
None
Partial profiles:  None
Data stored: RAW (not compensated)
