Id	Time	Plate	Row	Column	Source well	Clog	Sorted status	In Regions	TOF	Extinction	Green	Yellow	Red	PH Extinction	PW Extinction	PC Extinction	PH Green	PW Green	PC Green	PH Yellow	PW Yellow	PC Yellow	PH Red	PW Red	PC Red	
1	14820089	n/a	0	0	n/a	N	0	0000	788	57.3	0.65	3.60	7.59	6900	788	n/a	120	784	n/a	608	788	n/a	1372	788	n/a	
2	14841443	n/a	0	0	n/a	N	0	0000	196	12.2	0.21	0.75	1.10	5928	196	n/a	132	196	n/a	416	196	n/a	640	196	n/a	
3	14846706	n/a	0	0	n/a	N	0	0000	164	9.62	0.08	0.57	3.63	5372	164	n/a	72	160	n/a	356	164	n/a	2252	164	n/a	
4	14857608	n/a	0	0	n/a	N	0	0000	84	4.03	0.03	0.03	0.16	4172	84	n/a	52	84	n/a	56	80	n/a	224	84	n/a	
5	14858258	n/a	0	0	n/a	N	0	0000	2840	1831	15.0	409	1759	65532	2840	n/a	740	2752	n/a	18996	2840	n/a	65532	2840	n/a	
6	14858267	n/a	0	0	n/a	N	0	0000	5324	3074	62.9	1006	2652	65532	5324	n/a	2384	4888	n/a	36352	5284	n/a	65532	5324	n/a	
7	14858268	n/a	0	0	n/a	N	0	1000	2072	1283	11.3	427	1261	65532	2072	n/a	844	1832	n/a	32280	2032	n/a	65532	2072	n/a	
8	14858269	n/a	0	0	n/a	N	0	1000	2448	1596	9.24	241	774	65532	2448	n/a	596	2264	n/a	17696	2392	n/a	51388	2424	n/a	
9	14858270	n/a	0	0	n/a	N	0	0000	3248	2360	26.8	409	1852	65532	3248	n/a	1832	3112	n/a	21196	3224	n/a	65532	3248	n/a	
10	14858860	n/a	0	0	n/a	N	0	1000	1928	982	4.87	248	1165	53700	1928	n/a	408	1816	n/a	19404	1928	n/a	65532	1928	n/a	
11	14858868	n/a	0	0	n/a	N	0	1000	1668	973	3.67	115	815	65532	1668	n/a	356	1596	n/a	11648	1668	n/a	65532	1668	n/a	
12	14858873	n/a	0	0	n/a	N	0	1000	2584	1654	23.8	609	1551	65532	2584	n/a	1704	2424	n/a	37540	2584	n/a	65532	2584	n/a	
13	14858873	n/a	0	0	n/a	N	0	0000	164	11.4	0.03	0.02	0.32	6896	164	n/a	40	132	n/a	32	108	n/a	380	152	n/a	
14	14858874	n/a	0	0	n/a	N	0	0000	3176	1775	5.18	142	1423	65532	3176	n/a	280	3028	n/a	9308	3156	n/a	65532	3176	n/a	
15	14859227	n/a	0	0	n/a	N	0	0000	220	22.0	0.30	0.54	0.58	11008	220	n/a	172	220	n/a	312	220	n/a	408	220	n/a	
16	14859666	n/a	0	0	n/a	N	0	0000	108	6.07	0.05	0.22	1.63	5176	108	n/a	56	108	n/a	252	108	n/a	1656	108	n/a	
17	14860316	n/a	0	0	n/a	N	0	0000	84	4.00	0.04	0.18	0.96	4108	84	n/a	68	84	n/a	220	84	n/a	1292	84	n/a	
18	14861053	n/a	0	0	n/a	N	0	0000	132	8.11	0.05	0.10	0.32	6008	132	n/a	56	124	n/a	104	128	n/a	372	132	n/a	
19	14862494	n/a	0	0	n/a	N	0	1000	2656	1578	16.4	506	1660	61904	2656	n/a	872	2580	n/a	29096	2656	n/a	65532	2656	n/a	
20	14862495	n/a	0	0	n/a	N	0	0000	1616	530	6.17	67.1	256	34704	1616	n/a	492	1528	n/a	5060	1616	n/a	19288	1616	n/a	
21	14862917	n/a	0	0	n/a	N	0	0000	284	22.6	0.41	2.10	3.04	8448	284	n/a	188	284	n/a	964	284	n/a	1388	284	n/a	
22	14865188	n/a	0	0	n/a	N	0	1000	2492	1043	3.06	74.0	300	47580	2492	n/a	212	2428	n/a	4288	2448	n/a	17740	2484	n/a	
23	14865191	n/a	0	0	n/a	N	0	0000	4368	2603	24.9	522	2399	65532	4368	n/a	1180	4156	n/a	20468	4228	n/a	65532	4368	n/a	
24	14865191	n/a	0	0	n/a	N	0	1000	2396	1589	26.9	780	1615	65532	2396	n/a	2032	2180	n/a	47616	2344	n/a	65532	2396	n/a	
25	14865203	n/a	0	0	n/a	N	0	1000	1852	1141	2.30	102	312	62436	1852	n/a	188	1764	n/a	7376	1844	n/a	20868	1852	n/a	
26	14865205	n/a	0	0	n/a	N	0	0000	2640	1165	8.29	209	1142	46848	2640	n/a	456	2552	n/a	10708	2640	n/a	50624	2640	n/a	
27	14865206	n/a	0	0	n/a	N	0	1000	2348	1506	10.0	294	1252	65532	2348	n/a	640	2244	n/a	17732	2348	n/a	65532	2348	n/a	
28	14865207	n/a	0	0	n/a	N	0	1000	2696	1571	14.1	521	1653	65428	2696	n/a	876	2576	n/a	28804	2692	n/a	65532	2696	n/a	
29	14865481	n/a	0	0	n/a	N	0	0000	3892	2229	11.1	265	1163	64672	3892	n/a	612	3772	n/a	12188	3880	n/a	39956	3892	n/a	
30	14865481	n/a	0	0	n/a	N	0	1000	1472	810	3.87	92.3	887	56792	1472	n/a	420	1296	n/a	8560	1408	n/a	65532	1472	n/a	
31	14865589	n/a	0	0	n/a	N	0	0000	60	2.63	0.03	0.21	0.91	3648	60	n/a	72	60	n/a	344	60	n/a	1376	60	n/a	
32	14865895	n/a	0	0	n/a	N	0	0000	256	20.9	0.66	2.83	2.60	7936	256	n/a	284	256	n/a	1180	256	n/a	1236	256	n/a	
33	14867711	n/a	0	0	n/a	N	0	0000	116	5.31	0.09	0.58	1.70	3872	116	n/a	100	116	n/a	440	116	n/a	1424	116	n/a	
34	14868877	n/a	0	0	n/a	N	0	1000	2460	1569	12.3	231	1363	65532	2460	n/a	760	2376	n/a	14448	2460	n/a	65532	2460	n/a	
35	14868968	n/a	0	0	n/a	N	0	0000	712	79.3	0.25	0.89	7.48	11484	712	n/a	60	684	n/a	192	712	n/a	1808	712	n/a	
36	14868969	n/a	0	0	n/a	N	0	1000	2296	874	12.6	365	1431	40756	2296	n/a	872	2248	n/a	23612	2296	n/a	65532	2296	n/a	
37	14868976	n/a	0	0	n/a	N	0	0000	2680	1036	1.94	81.7	597	42532	2680	n/a	140	2640	n/a	4740	2656	n/a	28656	2680	n/a	
38	14869233	n/a	0	0	n/a	N	0	0000	116	5.77	0.23	0.68	0.53	4412	116	n/a	228	116	n/a	672	116	n/a	556	116	n/a	
39	14869947	n/a	0	0	n/a	N	0	1000	2480	1609	10.8	212	1208	65532	2480	n/a	636	2364	n/a	12892	2476	n/a	65532	2480	n/a	
40	14869985	n/a	0	0	n/a	N	0	1000	2292	1392	14.6	281	1327	65532	2292	n/a	932	2180	n/a	18148	2268	n/a	65532	2292	n/a	
41	14872448	n/a	0	0	n/a	N	0	1000	1976	861	5.91	233	1168	46420	1976	n/a	432	1920	n/a	16296	1976	n/a	65532	1976	n/a	
42	14872450	n/a	0	0	n/a	N	0	1000	2300	1214	4.39	110	604	58964	2300	n/a	344	2188	n/a	7688	2264	n/a	38088	2300	n/a	
43	14872453	n/a	0	0	n/a	N	0	1000	2592	1460	12.8	263	1410	58892	2592	n/a	728	2476	n/a	15128	2592	n/a	65532	2592	n/a	
44	14872453	n/a	0	0	n/a	N	0	0000	244	15.5	0.00	0.00	1.21	6308	244	n/a	0	0	n/a	32	16	n/a	676	244	n/a	
45	14872454	n/a	0	0	n/a	N	0	1000	2092	958	2.80	81.1	659	65532	2092	n/a	252	1560	n/a	8272	1572	n/a	62988	2044	n/a	
46	14872619	n/a	0	0	n/a	N	0	0000	92	4.76	0.05	0.16	0.46	4612	92	n/a	88	92	n/a	216	92	n/a	676	92	n/a	
47	14874312	n/a	0	0	n/a	N	0	0000	68	3.17	0.02	0.02	0.19	3976	68	n/a	44	68	n/a	52	60	n/a	344	68	n/a	
48	14874782	n/a	0	0	n/a	N	0	1000	2412	1189	8.10	228	1135	52096	2412	n/a	480	2324	n/a	14260	2412	n/a	59784	2412	n/a	
49	14875009	n/a	0	0	n/a	N	0	0000	2888	1394	16.8	408	1783	50944	2888	n/a	908	2804	n/a	21896	2888	n/a	65532	2888	n/a	
50	14875011	n/a	0	0	n/a	N	0	0000	964	211	0.49	1.05	17.4	22964	964	n/a	80	960	n/a	144	956	n/a	2416	964	n/a	
51	14875245	n/a	0	0	n/a	N	0	1000	2460	1426	2.85	98.0	853	64644	2460	n/a	248	2360	n/a	9616	2052	n/a	65532	2444	n/a	
52	14875249	n/a	0	0	n/a	N	0	1000	2080	1060	5.97	143	572	54120	2080	n/a	392	1996	n/a	10796	2080	n/a	35996	2080	n/a	
53	14875276	n/a	0	0	n/a	N	0	1000	2720	1768	24.5	417	1544	65532	2720	n/a	1248	2672	n/a	22292	2720	n/a	65532	2720	n/a	
54	14875466	n/a	0	0	n/a	N	0	0000	136	6.34	0.05	0.46	2.62	4044	136	n/a	68	136	n/a	320	136	n/a	1756	136	n/a	
55	14876037	n/a	0	0	n/a	N	0	1000	2028	855	7.32	171	973	44720	2028	n/a	520	1940	n/a	11652	2024	n/a	58552	2028	n/a	
56	14876574	n/a	0	0	n/a	N	0	0000	1556	595	1.01	10.0	127	44032	1556	n/a	116	1528	n/a	924	1504	n/a	10716	1556	n/a	
57	14876686	n/a	0	0	n/a	N	0	1000	2108	919	7.62	174	922	52204	2108	n/a	540	2052	n/a	10492	2108	n/a	51480	2108	n/a	
58	14876851	n/a	0	0	n/a	N	0	0000	384	27.4	0.14	0.16	0.05	6932	384	n/a	64	372	n/a	68	368	n/a	116	112	n/a	
59	14877383	n/a	0	0	n/a	N	0	1000	2468	1030	6.83	177	991	46760	2468	n/a	448	2376	n/a	10536	2468	n/a	53908	2468	n/a	
60	14877767	n/a	0	0	n/a	N	0	0000	820	213	2.02	20.7	116	30404	820	n/a	332	820	n/a	3804	820	n/a	21144	820	n/a	
61	14877795	n/a	0	0	n/a	N	0	0000	5228	2383	15.7	451	1894	50748	5228	n/a	1040	4580	n/a	19080	5036	n/a	65532	5224	n/a	
62	14877797	n/a	0	0	n/a	N	0	0000	6900	4285	38.9	804	3245	65532	6900	n/a	1764	5532	n/a	24484	6832	n/a	65532	6900	n/a	
63	14877798	n/a	0	0	n/a	N	0	1000	1972	1138	2.96	49.5	379	63920	1972	n/a	272	1844	n/a	4456	1864	n/a	29316	1972	n/a	
64	14877838	n/a	0	0	n/a	N	0	1000	2516	1465	13.9	364	1479	61564	2516	n/a	828	2432	n/a	20228	2484	n/a	65532	2516	n/a	
65	14877850	n/a	0	0	n/a	N	0	0000	3124	1175	13.5	279	1264	50500	3124	n/a	1000	2992	n/a	21336	3124	n/a	65532	3124	n/a	
66	14877857	n/a	0	0	n/a	N	0	0000	4932	2480	23.6	601	2116	65532	4932	n/a	1440	4600	n/a	33388	4856	n/a	65532	4932	n/a	
67	14877858	n/a	0	0	n/a	N	0	1000	2648	1400	18.8	367	833	54848	2648	n/a	1444	2584	n/a	22092	2648	n/a	38872	2648	n/a	
68	14877859	n/a	0	0	n/a	N	0	1000	2636	1488	13.3	678	1764	62560	2636	n/a	808	2520	n/a	39580	2636	n/a	65532	2636	n/a	
69	14877862	n/a	0	0	n/a	N	0	1000	2124	1027	17.1	196	596	54252	2124	n/a	1460	2064	n/a	13328	2124	n/a	36364	2124	n/a	
70	14877863	n/a	0	0	n/a	N	0	0000	2660	1116	8.98	347	1167	46568	2660	n/a	696	2236	n/a	23104	2536	n/a	65532	2636	n/a	
71	14877867	n/a	0	0	n/a	N	0	0000	3300	1339	15.1	312	1250	56228	3300	n/a	896	2360	n/a	16900	2772	n/a	64636	3196	n/a	
72	14877868	n/a	0	0	n/a	N	0	1000	2208	1123	19.8	382	1334	55840	2208	n/a	1456	2160	n/a	24932	2208	n/a	65532	2208	n/a	
73	14877976	n/a	0	0	n/a	N	0	1000	2432	1461	9.21	240	1239	64768	2432	n/a	588	2316	n/a	16760	2404	n/a	65532	2432	n/a	
74	14878053	n/a	0	0	n/a	N	0	1000	2284	1338	20.9	427	1374	64944	2284	n/a	1388	2160	n/a	26684	2284	n/a	65532	2284	n/a	
75	14878054	n/a	0	0	n/a	N	0	0000	1296	557	0.43	42.8	320	50472	1296	n/a	72	1096	n/a	4920	1292	n/a	29848	1296	n/a	
76	14878082	n/a	0	0	n/a	N	0	1000	2036	1239	6.17	157	807	65532	2036	n/a	432	1948	n/a	10376	2000	n/a	50520	2036	n/a	
77	14878087	n/a	0	0	n/a	N	0	0000	3976	1727	22.5	628	1782	59604	3976	n/a	1220	2608	n/a	36692	2868	n/a	65532	3900	n/a	
78	14878087	n/a	0	0	n/a	N	0	1000	2532	1179	8.76	352	1333	51328	2532	n/a	700	2320	n/a	29724	2476	n/a	65532	2532	n/a	
79	14878092	n/a	0	0	n/a	N	0	0000	80	4.13	0.04	0.06	0.31	4600	80	n/a	60	80	n/a	88	80	n/a	512	80	n/a	
80	14878194	n/a	0	0	n/a	N	0	1000	2060	1198	23.6	455	1082	65532	2060	n/a	1948	1868	n/a	37692	2060	n/a	65532	2060	n/a	
81	14878195	n/a	0	0	n/a	N	0	0000	168	9.92	0.35	0.15	0.21	5768	168	n/a	240	168	n/a	100	168	n/a	216	152	n/a	
82	14878196	n/a	0	0	n/a	N	0	1000	2544	1655	43.1	694	1661	65532	2544	n/a	2168	2468	n/a	34724	2544	n/a	65532	2544	n/a	
83	14878201	n/a	0	0	n/a	N	0	1000	2452	1629	15.7	369	1624	65532	2452	n/a	800	2364	n/a	20148	2452	n/a	65532	2452	n/a	
84	14879156	n/a	0	0	n/a	N	0	1000	2708	1487	12.4	341	1483	63180	2708	n/a	728	2636	n/a	20248	2704	n/a	65532	2708	n/a	
85	14880633	n/a	0	0	n/a	N	0	1000	1980	1180	14.8	249	1110	64952	1980	n/a	996	1928	n/a	16120	1980	n/a	63264	1980	n/a	
86	14881181	n/a	0	0	n/a	N	0	1000	1776	981	6.27	207	1102	58584	1776	n/a	504	1736	n/a	16140	1776	n/a	65532	1776	n/a	
87	14881871	n/a	0	0	n/a	N	0	1000	2356	1234	5.52	111	582	54220	2356	n/a	316	2284	n/a	6168	2344	n/a	31048	2356	n/a	
88	14881885	n/a	0	0	n/a	N	0	0000	112	6.07	0.11	0.39	0.41	4920	112	n/a	124	112	n/a	356	112	n/a	412	112	n/a	
89	14882144	n/a	0	0	n/a	N	0	1000	2476	1335	9.06	235	1355	58896	2476	n/a	500	2404	n/a	13044	2476	n/a	65532	2476	n/a	
90	14882219	n/a	0	0	n/a	N	0	1000	2316	1394	16.0	368	1465	60492	2316	n/a	1144	2260	n/a	25144	2316	n/a	65532	2316	n/a	
91	14882223	n/a	0	0	n/a	N	0	0000	460	59.1	0.31	1.32	10.4	13296	460	n/a	100	448	n/a	320	460	n/a	2724	460	n/a	
92	14882471	n/a	0	0	n/a	N	0	0000	100	5.77	0.02	0.02	0.15	5420	100	n/a	40	100	n/a	52	84	n/a	272	96	n/a	
93	14882611	n/a	0	0	n/a	N	0	1000	2384	998	5.42	145	934	45232	2384	n/a	336	2296	n/a	9368	2384	n/a	53468	2384	n/a	
94	14883760	n/a	0	0	n/a	N	0	1000	2256	983	8.44	169	866	47880	2256	n/a	556	2224	n/a	10340	2256	n/a	49076	2256	n/a	
95	14884123	n/a	0	0	n/a	N	0	1000	2552	1692	12.0	251	1310	65532	2552	n/a	600	2448	n/a	12504	2540	n/a	64532	2552	n/a	
96	14884130	n/a	0	0	n/a	N	0	1000	2012	771	2.23	34.5	329	47092	2012	n/a	240	1972	n/a	3440	1972	n/a	30132	2012	n/a	
97	14884131	n/a	0	0	n/a	N	0	1000	2316	1261	10.5	332	1447	56136	2316	n/a	616	2252	n/a	18168	2316	n/a	65532	2316	n/a	
98	14884132	n/a	0	0	n/a	N	0	1000	1668	1118	4.18	131	913	65532	1668	n/a	356	1576	n/a	11304	1668	n/a	65532	1668	n/a	
99	14884145	n/a	0	0	n/a	N	0	1000	2272	1317	7.08	153	941	60840	2272	n/a	504	2196	n/a	9948	2268	n/a	55580	2272	n/a	
100	14884645	n/a	0	0	n/a	N	0	1000	2408	1308	15.2	341	1240	59824	2408	n/a	1148	2284	n/a	23552	2404	n/a	65532	2408	n/a	
101	14884863	n/a	0	0	n/a	N	0	0000	108	5.00	0.06	0.32	0.77	3940	108	n/a	72	108	n/a	300	108	n/a	816	108	n/a	
102	14885441	n/a	0	0	n/a	N	0	1000	2268	1218	26.1	477	1433	58916	2268	n/a	2104	2192	n/a	32044	2268	n/a	65532	2268	n/a	
103	14885771	n/a	0	0	n/a	N	0	1000	2240	1295	12.1	371	1444	58944	2240	n/a	820	2164	n/a	24184	2236	n/a	65532	2240	n/a	
104	14887082	n/a	0	0	n/a	N	0	1000	1856	1139	10.4	170	846	65532	1856	n/a	952	1604	n/a	15176	1852	n/a	65532	1856	n/a	
105	14887082	n/a	0	0	n/a	N	0	0000	1452	421	0.70	11.0	119	29896	1452	n/a	184	912	n/a	1676	1344	n/a	10576	1452	n/a	
106	14887088	n/a	0	0	n/a	N	0	1000	1672	973	8.86	188	726	61396	1672	n/a	932	1604	n/a	14852	1672	n/a	55804	1672	n/a	
107	14887124	n/a	0	0	n/a	N	0	1000	2384	1381	23.2	529	1515	59288	2384	n/a	1668	2320	n/a	33372	2384	n/a	65532	2384	n/a	
108	14887513	n/a	0	0	n/a	N	0	1000	2476	1570	5.78	168	997	65532	2476	n/a	316	2404	n/a	9568	2464	n/a	54140	2476	n/a	
109	14887515	n/a	0	0	n/a	N	0	0000	5568	1674	10.7	141	793	65532	5568	n/a	3836	3412	n/a	9040	2588	n/a	42968	2700	n/a	
110	14887517	n/a	0	0	n/a	N	0	1000	2448	1211	9.84	284	1447	62224	2448	n/a	568	2380	n/a	16536	2448	n/a	65532	2448	n/a	
111	14887518	n/a	0	0	n/a	N	0	0000	164	8.94	0.07	0.34	1.73	5052	164	n/a	52	160	n/a	244	164	n/a	1192	164	n/a	
112	14887519	n/a	0	0	n/a	N	0	1000	2368	1038	6.21	225	1223	49704	2368	n/a	372	2300	n/a	13832	2368	n/a	65532	2368	n/a	
113	14887896	n/a	0	0	n/a	N	0	1000	2640	1214	4.75	131	893	51260	2640	n/a	284	2560	n/a	9120	2620	n/a	50192	2640	n/a	
114	14888379	n/a	0	0	n/a	N	0	1000	2124	1174	9.58	275	1313	59288	2124	n/a	808	1968	n/a	19520	2100	n/a	65532	2124	n/a	
115	14888470	n/a	0	0	n/a	N	0	1000	2276	1158	9.33	329	1256	53372	2276	n/a	744	2212	n/a	22032	2276	n/a	65532	2276	n/a	
116	14888664	n/a	0	0	n/a	N	0	1000	2136	1324	33.3	386	1211	65532	2136	n/a	2116	2040	n/a	25008	2136	n/a	65532	2136	n/a	
117	14888751	n/a	0	0	n/a	N	0	1000	2568	1506	11.1	233	1402	60212	2568	n/a	604	2516	n/a	11776	2568	n/a	65404	2568	n/a	
118	14888816	n/a	0	0	n/a	N	0	1000	2252	1198	30.0	681	1517	59940	2252	n/a	2288	2180	n/a	46252	2252	n/a	65532	2252	n/a	
119	14889066	n/a	0	0	n/a	N	0	1000	2176	940	21.5	398	1152	52048	2176	n/a	1808	2088	n/a	33548	2176	n/a	65532	2176	n/a	
120	14889624	n/a	0	0	n/a	N	0	1000	1952	933	1.77	59.0	342	50720	1952	n/a	132	1900	n/a	4612	1916	n/a	22736	1952	n/a	
121	14889624	n/a	0	0	n/a	N	0	1000	2204	1148	15.4	538	1421	55968	2204	n/a	1292	2112	n/a	41412	2196	n/a	65532	2204	n/a	
122	14889775	n/a	0	0	n/a	N	0	1000	2440	1240	11.3	488	1555	55480	2440	n/a	692	2372	n/a	29500	2440	n/a	65532	2440	n/a	
123	14890433	n/a	0	0	n/a	N	0	0000	308	19.7	0.33	2.41	7.47	6060	308	n/a	148	300	n/a	872	308	n/a	2740	308	n/a	
124	14890694	n/a	0	0	n/a	N	0	0000	164	12.1	0.09	0.23	1.10	7564	164	n/a	68	164	n/a	148	164	n/a	776	164	n/a	
125	14890695	n/a	0	0	n/a	N	0	1000	2576	1642	31.5	762	1632	65532	2576	n/a	1800	2512	n/a	44392	2576	n/a	65532	2576	n/a	
126	14891112	n/a	0	0	n/a	N	0	1000	2672	1555	6.61	217	1160	65532	2672	n/a	364	2464	n/a	13308	2640	n/a	65532	2672	n/a	
127	14891209	n/a	0	0	n/a	N	0	0000	2824	1591	25.3	361	979	59148	2824	n/a	1252	2780	n/a	17020	2824	n/a	42832	2824	n/a	
128	14891334	n/a	0	0	n/a	N	0	1000	1952	1143	17.6	371	1153	65532	1952	n/a	1384	1724	n/a	29452	1952	n/a	65532	1952	n/a	
129	14891343	n/a	0	0	n/a	N	0	1000	2580	1467	25.7	595	1527	61364	2580	n/a	1536	2476	n/a	32648	2564	n/a	65532	2580	n/a	
130	14891629	n/a	0	0	n/a	N	0	0000	3184	1890	11.5	412	1782	65532	3184	n/a	680	2772	n/a	26424	3152	n/a	65532	3184	n/a	
131	14892037	n/a	0	0	n/a	N	0	1000	2432	1600	15.7	264	1327	65532	2432	n/a	912	2364	n/a	14736	2432	n/a	65532	2432	n/a	
132	14893055	n/a	0	0	n/a	N	0	1000	2664	1272	4.30	135	724	54580	2664	n/a	252	2428	n/a	9028	2532	n/a	45076	2628	n/a	
133	14893262	n/a	0	0	n/a	N	0	1000	2000	1080	13.1	302	928	57792	2000	n/a	1064	1896	n/a	21724	2000	n/a	57180	2000	n/a	
134	14893263	n/a	0	0	n/a	N	0	1000	2316	1396	29.8	592	1387	65532	2316	n/a	1676	2212	n/a	37628	2316	n/a	65532	2316	n/a	
135	14893387	n/a	0	0	n/a	N	0	1000	2304	819	6.56	241	1170	51328	2304	n/a	432	2240	n/a	16300	2304	n/a	65532	2304	n/a	
136	14893679	n/a	0	0	n/a	N	0	0000	132	10.8	0.07	0.16	0.31	8656	132	n/a	92	132	n/a	180	132	n/a	304	132	n/a	
137	14893926	n/a	0	0	n/a	N	0	1000	1744	1174	4.28	116	917	65532	1744	n/a	348	1688	n/a	8948	1744	n/a	65532	1744	n/a	
138	14894153	n/a	0	0	n/a	N	0	1000	1692	886	10.7	197	591	61016	1692	n/a	1148	1600	n/a	21056	1692	n/a	49128	1692	n/a	
139	14894177	n/a	0	0	n/a	N	0	1000	2324	1194	6.70	186	1006	54088	2324	n/a	396	2208	n/a	10696	2288	n/a	54756	2324	n/a	
140	14894487	n/a	0	0	n/a	N	0	1000	2496	1207	8.43	323	1508	51020	2496	n/a	548	2432	n/a	17988	2496	n/a	65532	2496	n/a	
141	14894630	n/a	0	0	n/a	N	0	1000	2680	1380	8.23	246	1403	53432	2680	n/a	416	2608	n/a	12400	2680	n/a	65532	2680	n/a	
142	14894792	n/a	0	0	n/a	N	0	1000	2612	1814	24.2	491	1664	65532	2612	n/a	1300	2496	n/a	26864	2612	n/a	65532	2612	n/a	
143	14894800	n/a	0	0	n/a	N	0	1000	2156	1157	21.4	583	1247	55916	2156	n/a	1500	2060	n/a	44852	2156	n/a	65532	2156	n/a	
144	14894838	n/a	0	0	n/a	N	0	1000	2476	1369	6.80	286	1161	58232	2476	n/a	516	2400	n/a	19276	2468	n/a	65532	2476	n/a	
145	14894913	n/a	0	0	n/a	N	0	1000	1996	1238	8.18	180	1007	65532	1996	n/a	584	1928	n/a	15560	1996	n/a	65532	1996	n/a	
146	14894914	n/a	0	0	n/a	N	0	1000	1900	893	3.71	82.1	722	58044	1900	n/a	360	1684	n/a	6864	1848	n/a	59976	1900	n/a	
147	14894918	n/a	0	0	n/a	N	0	1000	2624	1239	16.9	474	1540	51924	2624	n/a	1108	2544	n/a	29300	2624	n/a	65532	2624	n/a	
148	14894923	n/a	0	0	n/a	N	0	1000	2128	1061	5.61	159	1003	54196	2128	n/a	448	2032	n/a	11588	2072	n/a	65532	2128	n/a	
149	14894941	n/a	0	0	n/a	N	0	1000	2396	1405	16.6	490	1583	65532	2396	n/a	956	2332	n/a	28872	2396	n/a	65532	2396	n/a	
150	14894941	n/a	0	0	n/a	N	0	0000	756	177	0.05	1.17	24.8	30272	756	n/a	56	220	n/a	316	540	n/a	4868	744	n/a	
151	14895496	n/a	0	0	n/a	N	0	1000	2228	1090	5.63	154	784	52756	2228	n/a	364	2156	n/a	9952	2224	n/a	45204	2228	n/a	
152	14895529	n/a	0	0	n/a	N	0	1000	2560	1394	21.8	548	1474	59232	2560	n/a	1920	2472	n/a	38692	2560	n/a	65532	2560	n/a	
153	14895531	n/a	0	0	n/a	N	0	0000	984	207	11.8	83.8	161	26484	984	n/a	1744	960	n/a	10672	984	n/a	18964	984	n/a	
154	14895537	n/a	0	0	n/a	N	0	1000	2596	1342	16.8	269	1094	56808	2596	n/a	1024	2496	n/a	15804	2596	n/a	61328	2596	n/a	
155	14895830	n/a	0	0	n/a	N	0	1000	2312	1102	9.16	195	1072	50972	2312	n/a	608	2236	n/a	13048	2312	n/a	65532	2312	n/a	
156	14895927	n/a	0	0	n/a	N	0	0000	3068	1325	8.08	240	1291	49788	3068	n/a	460	2676	n/a	12712	3012	n/a	59912	3068	n/a	
157	14896164	n/a	0	0	n/a	N	0	1000	2308	1054	4.61	84.2	525	50072	2308	n/a	292	2284	n/a	5504	2308	n/a	32192	2308	n/a	
158	14896381	n/a	0	0	n/a	N	0	0000	156	7.80	0.06	0.14	0.66	4364	156	n/a	60	156	n/a	124	156	n/a	456	156	n/a	
159	14896571	n/a	0	0	n/a	N	0	1000	2240	1067	17.0	500	1541	48392	2240	n/a	996	2176	n/a	31288	2240	n/a	65532	2240	n/a	
160	14896581	n/a	0	0	n/a	N	0	1000	2072	767	3.46	111	451	43164	2072	n/a	252	2000	n/a	7584	2072	n/a	28688	2072	n/a	
161	14896930	n/a	0	0	n/a	N	0	1000	2156	1160	5.19	114	704	62668	2156	n/a	324	2084	n/a	7288	2148	n/a	43816	2156	n/a	
162	14897041	n/a	0	0	n/a	N	0	1000	2608	1269	15.3	295	1248	55928	2608	n/a	828	2588	n/a	16420	2608	n/a	64752	2608	n/a	
163	14897050	n/a	0	0	n/a	N	0	1000	2444	1628	9.17	248	1237	65532	2444	n/a	516	2376	n/a	14288	2436	n/a	65532	2444	n/a	
164	14897051	n/a	0	0	n/a	N	0	0000	1140	249	0.58	2.77	30.0	26360	1140	n/a	84	1116	n/a	320	1136	n/a	3364	1140	n/a	
165	14897054	n/a	0	0	n/a	N	0	0000	3708	1402	6.54	226	1306	58056	3708	n/a	420	2572	n/a	13976	2668	n/a	65532	3404	n/a	
166	14897055	n/a	0	0	n/a	N	0	1000	1236	618	4.25	64.3	382	58964	1236	n/a	804	1204	n/a	6836	1236	n/a	38896	1236	n/a	
167	14897199	n/a	0	0	n/a	N	0	1000	2376	1544	17.2	475	1601	65532	2376	n/a	1104	2308	n/a	27964	2376	n/a	65532	2376	n/a	
168	14897221	n/a	0	0	n/a	N	0	1000	2396	1438	10.6	291	1342	63752	2396	n/a	676	2308	n/a	17488	2396	n/a	65532	2396	n/a	
169	14897646	n/a	0	0	n/a	N	0	0000	4824	2594	27.0	600	2075	65532	4824	n/a	1340	4424	n/a	26184	4816	n/a	63924	4824	n/a	
170	14898138	n/a	0	0	n/a	N	0	1000	2408	1580	22.0	528	1587	65532	2408	n/a	1392	2316	n/a	28324	2408	n/a	65532	2408	n/a	
171	14898173	n/a	0	0	n/a	N	0	1000	2332	1113	11.8	233	1338	52404	2332	n/a	684	2268	n/a	13928	2332	n/a	65532	2332	n/a	
172	14898179	n/a	0	0	n/a	N	0	1000	2260	1407	16.6	556	1469	62980	2260	n/a	1272	2164	n/a	39140	2260	n/a	65532	2260	n/a	
173	14898183	n/a	0	0	n/a	N	0	1000	2080	1402	9.22	258	1218	65532	2080	n/a	644	1948	n/a	17852	2080	n/a	65532	2080	n/a	
174	14899855	n/a	0	0	n/a	N	0	1000	2544	1319	7.73	246	1357	53376	2544	n/a	404	2488	n/a	13192	2544	n/a	65532	2544	n/a	
175	14900010	n/a	0	0	n/a	N	0	0000	4104	1272	7.00	164	993	55156	4104	n/a	424	2556	n/a	10036	2488	n/a	57028	4012	n/a	
176	14900610	n/a	0	0	n/a	N	0	1000	2368	1540	8.78	315	1374	65532	2368	n/a	672	2232	n/a	21340	2360	n/a	65532	2368	n/a	
177	14900695	n/a	0	0	n/a	N	0	0000	3020	1463	15.9	346	1580	59720	3020	n/a	840	2960	n/a	19420	3020	n/a	65532	3020	n/a	
178	14900697	n/a	0	0	n/a	N	0	1000	2076	1129	9.54	209	1176	59456	2076	n/a	640	2020	n/a	14160	2076	n/a	65532	2076	n/a	
179	14901501	n/a	0	0	n/a	N	0	0000	2772	1093	7.46	192	917	45400	2772	n/a	408	2636	n/a	10836	2700	n/a	45384	2772	n/a	
180	14901588	n/a	0	0	n/a	N	0	0000	208	11.0	0.10	0.19	0.23	4784	208	n/a	68	204	n/a	116	208	n/a	176	204	n/a	
181	14901938	n/a	0	0	n/a	N	0	0000	180	8.66	0.33	1.49	4.05	4176	180	n/a	188	180	n/a	756	180	n/a	2136	180	n/a	
182	14902440	n/a	0	0	n/a	N	0	1000	2536	1338	20.5	481	1340	55184	2536	n/a	1260	2508	n/a	28468	2536	n/a	65532	2536	n/a	
183	14902534	n/a	0	0	n/a	N	0	1000	1644	888	1.25	42.9	334	56644	1644	n/a	120	1628	n/a	3996	1620	n/a	28864	1644	n/a	
184	14903538	n/a	0	0	n/a	N	0	1000	1456	974	5.29	113	841	65532	1456	n/a	512	1336	n/a	10972	1452	n/a	65532	1456	n/a	
185	14903802	n/a	0	0	n/a	N	0	1000	2456	1164	8.94	217	957	51188	2456	n/a	624	2356	n/a	13304	2448	n/a	50028	2456	n/a	
186	14903851	n/a	0	0	n/a	N	0	1000	1484	766	2.90	97.4	600	56516	1484	n/a	292	1460	n/a	8464	1484	n/a	51296	1484	n/a	
187	14904100	n/a	0	0	n/a	N	0	1000	2524	1196	9.50	277	1467	52924	2524	n/a	576	2392	n/a	16124	2512	n/a	65532	2524	n/a	
188	14904504	n/a	0	0	n/a	N	0	1000	2144	1288	15.6	375	1216	64740	2144	n/a	1132	2064	n/a	26012	2144	n/a	65532	2144	n/a	
189	14904512	n/a	0	0	n/a	N	0	0000	200	10.7	0.10	0.38	1.50	4864	200	n/a	72	200	n/a	224	200	n/a	948	200	n/a	
190	14904791	n/a	0	0	n/a	N	0	1000	2372	1313	14.5	360	1567	59580	2372	n/a	848	2304	n/a	19384	2372	n/a	65532	2372	n/a	
191	14907069	n/a	0	0	n/a	N	0	1000	2172	860	7.77	235	1200	40372	2172	n/a	544	2100	n/a	14584	2172	n/a	65532	2172	n/a	
192	14907790	n/a	0	0	n/a	N	0	1000	2544	1376	13.0	431	1542	57604	2544	n/a	820	2440	n/a	24708	2512	n/a	65532	2544	n/a	
193	14908213	n/a	0	0	n/a	N	0	1000	2236	1143	5.03	255	1210	49608	2236	n/a	372	2168	n/a	20408	2236	n/a	65532	2236	n/a	
194	14908404	n/a	0	0	n/a	N	0	1000	2332	1177	12.6	242	1327	51916	2332	n/a	864	2248	n/a	14448	2332	n/a	65532	2332	n/a	
195	14908495	n/a	0	0	n/a	N	0	1000	2532	1311	9.73	252	1271	55608	2532	n/a	476	2492	n/a	13912	2532	n/a	65532	2532	n/a	
196	14909280	n/a	0	0	n/a	N	0	1000	2456	1329	21.3	364	1253	56484	2456	n/a	1204	2408	n/a	20336	2456	n/a	62440	2456	n/a	
197	14909475	n/a	0	0	n/a	N	0	1000	2516	1658	22.6	450	1380	65532	2516	n/a	1568	2440	n/a	28812	2516	n/a	65532	2516	n/a	
198	14909540	n/a	0	0	n/a	N	0	1000	2288	1458	8.03	168	910	65532	2288	n/a	628	2236	n/a	10416	2284	n/a	56140	2288	n/a	
199	14909816	n/a	0	0	n/a	N	0	0000	80	4.03	0.05	0.25	1.25	4468	80	n/a	84	80	n/a	296	80	n/a	1492	80	n/a	
200	14909950	n/a	0	0	n/a	N	0	0000	92	4.09	0.04	0.07	0.23	3696	92	n/a	64	92	n/a	88	92	n/a	276	92	n/a	
201	14910266	n/a	0	0	n/a	N	0	1000	2692	1624	7.63	268	1401	63556	2692	n/a	416	2636	n/a	14400	2692	n/a	65532	2692	n/a	
202	14910763	n/a	0	0	n/a	N	0	0000	164	9.68	0.16	0.87	3.26	5648	164	n/a	124	164	n/a	568	164	n/a	2052	164	n/a	
203	14911382	n/a	0	0	n/a	N	0	1000	2508	1498	17.8	322	1552	65532	2508	n/a	1120	2436	n/a	17568	2508	n/a	65532	2508	n/a	
204	14912344	n/a	0	0	n/a	N	0	1000	2444	1562	18.7	495	1633	65532	2444	n/a	1168	2380	n/a	31348	2444	n/a	65532	2444	n/a	
205	14912395	n/a	0	0	n/a	N	0	0000	68	3.43	0.03	0.05	0.23	4484	68	n/a	56	68	n/a	96	68	n/a	376	68	n/a	
206	14912475	n/a	0	0	n/a	N	0	0000	428	38.6	0.36	3.05	7.46	9160	428	n/a	120	428	n/a	800	428	n/a	2012	428	n/a	
207	14912681	n/a	0	0	n/a	N	0	1000	2344	1214	15.1	318	1323	56568	2344	n/a	944	2292	n/a	17596	2344	n/a	65532	2344	n/a	
208	14912681	n/a	0	0	n/a	N	0	0000	640	141	0.01	0.85	14.2	27288	640	n/a	20	80	n/a	204	544	n/a	3196	616	n/a	
209	14913009	n/a	0	0	n/a	N	0	1000	2348	1380	9.46	276	1225	62492	2348	n/a	544	2284	n/a	16572	2340	n/a	65532	2348	n/a	
210	14914718	n/a	0	0	n/a	N	0	1000	1960	1304	10.8	229	1144	65532	1960	n/a	772	1864	n/a	15396	1960	n/a	65532	1960	n/a	
211	14915124	n/a	0	0	n/a	N	0	0000	212	13.8	0.11	0.25	1.23	6256	212	n/a	72	204	n/a	136	212	n/a	676	212	n/a	
212	14915761	n/a	0	0	n/a	N	0	1000	2328	1300	14.0	598	1563	57120	2328	n/a	884	2228	n/a	35760	2328	n/a	65532	2328	n/a	
213	14915864	n/a	0	0	n/a	N	0	1000	2348	1058	11.8	234	1193	52328	2348	n/a	664	2212	n/a	15632	2300	n/a	65532	2348	n/a	
214	14915878	n/a	0	0	n/a	N	0	1000	2748	1491	12.9	390	1611	62356	2748	n/a	684	2680	n/a	19464	2748	n/a	65532	2748	n/a	
215	14916499	n/a	0	0	n/a	N	0	1000	2664	1577	15.9	451	1814	59088	2664	n/a	896	2576	n/a	23792	2664	n/a	65532	2664	n/a	
216	14916510	n/a	0	0	n/a	N	0	1000	2356	1041	6.61	172	856	48236	2356	n/a	368	2276	n/a	10300	2348	n/a	46700	2356	n/a	
217	14916649	n/a	0	0	n/a	N	0	1000	2392	1029	14.7	386	1275	48036	2392	n/a	1000	2276	n/a	25056	2392	n/a	65532	2392	n/a	
218	14917068	n/a	0	0	n/a	N	0	0000	380	20.2	0.11	0.09	0.24	5200	380	n/a	60	344	n/a	56	328	n/a	156	296	n/a	
219	14917566	n/a	0	0	n/a	N	0	0000	372	54.0	0.15	0.32	2.94	17476	372	n/a	68	368	n/a	124	372	n/a	1088	372	n/a	
220	14918316	n/a	0	0	n/a	N	0	1000	2380	1493	18.6	411	1536	65532	2380	n/a	1064	2324	n/a	23456	2380	n/a	65532	2380	n/a	
221	14918318	n/a	0	0	n/a	N	0	0000	2784	1724	19.2	532	1732	65532	2784	n/a	1080	2628	n/a	29672	2720	n/a	65532	2784	n/a	
222	14918320	n/a	0	0	n/a	N	0	0000	2916	1571	8.76	442	1414	64988	2916	n/a	652	2588	n/a	31392	2532	n/a	65532	2856	n/a	
223	14918321	n/a	0	0	n/a	N	0	1000	2060	798	9.06	109	412	45064	2060	n/a	724	2000	n/a	7104	2060	n/a	26632	2060	n/a	
224	14918322	n/a	0	0	n/a	N	0	1000	1568	665	6.34	86.9	422	47596	1568	n/a	620	1432	n/a	8116	1568	n/a	33656	1568	n/a	
225	14918322	n/a	0	0	n/a	N	0	0000	516	76.3	0.01	0.67	3.43	18556	516	n/a	36	88	n/a	216	436	n/a	1136	480	n/a	
226	14918323	n/a	0	0	n/a	N	0	0000	3176	1497	14.8	189	922	65532	3176	n/a	1144	2536	n/a	15280	2860	n/a	65532	3124	n/a	
227	14918628	n/a	0	0	n/a	N	0	0000	224	14.3	0.06	0.14	0.91	5880	224	n/a	56	204	n/a	92	220	n/a	492	224	n/a	
228	14919549	n/a	0	0	n/a	N	0	0000	296	22.5	0.17	1.15	6.27	7364	296	n/a	76	296	n/a	476	296	n/a	2360	296	n/a	
229	14919602	n/a	0	0	n/a	N	0	0000	824	156	0.87	12.7	118	24684	824	n/a	160	824	n/a	2364	824	n/a	23276	824	n/a	
230	14919710	n/a	0	0	n/a	N	0	1000	2116	1125	2.98	134	684	55620	2116	n/a	228	2092	n/a	10084	2116	n/a	49128	2116	n/a	
231	14919714	n/a	0	0	n/a	N	0	1000	2628	1345	9.62	320	1463	53068	2628	n/a	576	2560	n/a	17424	2616	n/a	65532	2628	n/a	
232	14920052	n/a	0	0	n/a	N	0	1000	2080	1350	8.21	138	915	65532	2080	n/a	556	1992	n/a	9432	2080	n/a	61236	2080	n/a	
233	14920130	n/a	0	0	n/a	N	0	1000	2452	1056	8.99	275	1085	51860	2452	n/a	528	2380	n/a	15136	2452	n/a	52460	2452	n/a	
234	14920231	n/a	0	0	n/a	N	0	1000	2352	1364	17.3	298	1252	58192	2352	n/a	1372	2252	n/a	19236	2352	n/a	65532	2352	n/a	
235	14920232	n/a	0	0	n/a	N	0	1000	2620	1227	2.16	75.3	606	62496	2620	n/a	176	1740	n/a	5660	1888	n/a	43208	2180	n/a	
236	14920825	n/a	0	0	n/a	N	0	1000	2256	1357	10.6	166	1036	65532	2256	n/a	644	2204	n/a	9808	2256	n/a	54664	2256	n/a	
237	14921420	n/a	0	0	n/a	N	0	1000	1984	1340	8.12	153	1090	65532	1984	n/a	592	1892	n/a	11380	1984	n/a	65532	1984	n/a	
238	14921640	n/a	0	0	n/a	N	0	0000	76	3.83	0.03	0.12	0.72	4448	76	n/a	56	76	n/a	180	76	n/a	924	76	n/a	
239	14921998	n/a	0	0	n/a	N	0	1000	2248	1082	7.85	248	1317	55264	2248	n/a	544	2192	n/a	16696	2248	n/a	65532	2248	n/a	
240	14922422	n/a	0	0	n/a	N	0	1000	2600	1304	8.49	201	1277	52768	2600	n/a	428	2540	n/a	9568	2592	n/a	58212	2600	n/a	
241	14922641	n/a	0	0	n/a	N	0	1000	2404	1449	12.7	311	1392	65532	2404	n/a	736	2336	n/a	18748	2404	n/a	65532	2404	n/a	
242	14922642	n/a	0	0	n/a	N	0	0000	428	20.0	0.32	1.99	6.92	3952	428	n/a	104	428	n/a	572	428	n/a	2144	428	n/a	
243	14922642	n/a	0	0	n/a	N	0	0000	1968	111	0.72	1.32	1.92	6876	1968	n/a	72	1924	n/a	200	1908	n/a	756	1124	n/a	
244	14922643	n/a	0	0	n/a	N	0	1000	2492	1638	16.3	330	1524	65532	2492	n/a	1004	2432	n/a	20244	2492	n/a	65532	2492	n/a	
245	14922644	n/a	0	0	n/a	N	0	1000	2072	781	4.91	218	1120	43196	2072	n/a	360	1980	n/a	16640	2072	n/a	65532	2072	n/a	
246	14922659	n/a	0	0	n/a	N	0	1000	2372	1493	11.2	248	1409	65260	2372	n/a	688	2284	n/a	13772	2372	n/a	65532	2372	n/a	
247	14923509	n/a	0	0	n/a	N	0	1000	2572	1464	45.5	747	1621	62584	2572	n/a	3336	2504	n/a	47924	2572	n/a	65532	2572	n/a	
248	14923647	n/a	0	0	n/a	N	0	1000	2104	1462	8.97	192	950	65532	2104	n/a	688	2000	n/a	14816	2104	n/a	62572	2104	n/a	
249	14923661	n/a	0	0	n/a	N	0	1000	2580	1631	9.76	196	1107	64556	2580	n/a	520	2504	n/a	11564	2580	n/a	59724	2580	n/a	
250	14923844	n/a	0	0	n/a	N	0	1000	2204	1295	15.1	269	1284	59940	2204	n/a	968	2128	n/a	17252	2200	n/a	65532	2204	n/a	
251	14924253	n/a	0	0	n/a	N	0	1000	2168	1455	15.1	274	1238	65532	2168	n/a	1100	2044	n/a	18116	2148	n/a	65532	2168	n/a	
252	14924264	n/a	0	0	n/a	N	0	0000	3552	2519	10.5	223	1425	65532	3552	n/a	524	3372	n/a	9052	3500	n/a	54592	3552	n/a	
253	14924690	n/a	0	0	n/a	N	0	1000	2420	1138	24.2	335	911	54024	2420	n/a	1352	2420	n/a	19968	2420	n/a	50856	2420	n/a	
254	14924695	n/a	0	0	n/a	N	0	0000	2884	1725	23.1	541	1461	64596	2884	n/a	1288	2512	n/a	29200	2652	n/a	65532	2880	n/a	
255	14924696	n/a	0	0	n/a	N	0	1000	2564	1567	35.7	673	1424	65532	2564	n/a	2076	2492	n/a	37068	2564	n/a	65532	2564	n/a	
256	14924702	n/a	0	0	n/a	N	0	1000	2040	1029	5.03	162	1064	53188	2040	n/a	380	1936	n/a	12100	2040	n/a	65532	2040	n/a	
257	14924706	n/a	0	0	n/a	N	0	1000	1724	877	6.71	110	760	56744	1724	n/a	584	1636	n/a	9516	1720	n/a	62652	1724	n/a	
258	14924706	n/a	0	0	n/a	N	0	0000	1580	139	0.15	0.79	7.53	14132	1580	n/a	44	776	n/a	392	924	n/a	1760	1564	n/a	
259	14924712	n/a	0	0	n/a	N	0	0000	188	17.4	0.11	0.38	1.74	10344	188	n/a	80	188	n/a	272	188	n/a	1264	188	n/a	
260	14924713	n/a	0	0	n/a	N	0	1000	2596	1460	12.7	388	1668	55968	2596	n/a	676	2484	n/a	20352	2596	n/a	65532	2596	n/a	
261	14924718	n/a	0	0	n/a	N	0	1000	2756	1674	16.2	426	1741	65136	2756	n/a	892	2656	n/a	23296	2748	n/a	65532	2756	n/a	
262	14925162	n/a	0	0	n/a	N	0	1000	2068	1131	9.83	346	1069	58424	2068	n/a	820	1848	n/a	27988	2040	n/a	65532	2068	n/a	
263	14925430	n/a	0	0	n/a	N	0	1000	2116	1392	7.23	144	853	65532	2116	n/a	540	2032	n/a	11428	2116	n/a	62884	2116	n/a	
264	14925592	n/a	0	0	n/a	N	0	1000	2512	1297	11.0	380	1576	61988	2512	n/a	692	2436	n/a	25636	2512	n/a	65532	2512	n/a	
265	14925832	n/a	0	0	n/a	N	0	1000	2444	1195	9.21	128	532	54656	2444	n/a	592	2408	n/a	7160	2444	n/a	29400	2444	n/a	
266	14926379	n/a	0	0	n/a	N	0	1000	2672	1301	11.3	255	1121	55868	2672	n/a	852	2380	n/a	16060	2432	n/a	62380	2672	n/a	
267	14926750	n/a	0	0	n/a	N	0	0000	124	5.65	0.22	1.12	1.74	3852	124	n/a	180	124	n/a	856	124	n/a	1336	124	n/a	
268	14926928	n/a	0	0	n/a	N	0	1000	2392	1461	18.2	315	1243	65492	2392	n/a	1628	2292	n/a	22920	2388	n/a	65532	2392	n/a	
269	14927082	n/a	0	0	n/a	N	0	1000	2204	1363	5.72	131	863	65532	2204	n/a	316	2116	n/a	7516	2204	n/a	46376	2204	n/a	
270	14927770	n/a	0	0	n/a	N	0	1000	2344	1422	8.95	213	1186	64204	2344	n/a	608	2260	n/a	12956	2344	n/a	64860	2344	n/a	
271	14927883	n/a	0	0	n/a	N	0	1000	2544	1367	16.1	260	1087	55520	2544	n/a	1072	2424	n/a	13520	2544	n/a	52104	2544	n/a	
272	14928029	n/a	0	0	n/a	N	0	0000	88	4.56	0.04	0.19	0.92	4604	88	n/a	60	88	n/a	236	88	n/a	1096	88	n/a	
273	14928566	n/a	0	0	n/a	N	0	1000	1940	948	9.09	266	1245	49760	1940	n/a	660	1900	n/a	17264	1940	n/a	65532	1940	n/a	
274	14928759	n/a	0	0	n/a	N	0	1000	2248	1365	44.8	565	1327	64128	2248	n/a	3028	2192	n/a	35572	2248	n/a	65532	2248	n/a	
275	14929330	n/a	0	0	n/a	N	0	0000	504	25.0	0.18	0.15	0.27	4668	504	n/a	60	492	n/a	52	484	n/a	284	376	n/a	
276	14929418	n/a	0	0	n/a	N	0	1000	2372	1217	7.20	160	750	57692	2372	n/a	416	2272	n/a	9856	2328	n/a	45808	2372	n/a	
277	14929446	n/a	0	0	n/a	N	0	1000	2420	1360	11.1	371	1539	57804	2420	n/a	584	2328	n/a	21320	2420	n/a	65532	2420	n/a	
278	14929572	n/a	0	0	n/a	N	0	1000	1800	1166	7.39	123	982	65532	1800	n/a	644	1740	n/a	9916	1792	n/a	65532	1800	n/a	
279	14929857	n/a	0	0	n/a	N	0	1000	2640	1260	5.34	108	672	50576	2640	n/a	296	2564	n/a	6020	2616	n/a	35372	2640	n/a	
280	14930090	n/a	0	0	n/a	N	0	1000	2324	1483	13.8	353	1325	65492	2324	n/a	856	2228	n/a	22080	2324	n/a	65532	2324	n/a	
281	14930155	n/a	0	0	n/a	N	0	0000	1052	231	0.52	5.63	75.1	24184	1052	n/a	76	1044	n/a	696	1052	n/a	9360	1052	n/a	
282	14930156	n/a	0	0	n/a	N	0	1000	1936	1189	11.9	227	1098	65532	1936	n/a	804	1872	n/a	16580	1936	n/a	65532	1936	n/a	
283	14930161	n/a	0	0	n/a	N	0	1000	2092	997	3.46	128	963	49672	2092	n/a	284	2024	n/a	9368	2092	n/a	61432	2092	n/a	
284	14930164	n/a	0	0	n/a	N	0	0000	4388	2714	30.6	553	2241	65532	4388	n/a	1444	4108	n/a	22540	4352	n/a	65532	4388	n/a	
285	14930172	n/a	0	0	n/a	N	0	1000	2428	1392	7.86	207	1046	61976	2428	n/a	556	2364	n/a	12984	2400	n/a	59912	2428	n/a	
286	14930182	n/a	0	0	n/a	N	0	0000	224	15.7	0.08	0.07	0.29	7072	224	n/a	60	196	n/a	56	196	n/a	296	200	n/a	
287	14930370	n/a	0	0	n/a	N	0	0000	124	7.64	0.03	0.11	0.86	5796	124	n/a	48	116	n/a	112	124	n/a	768	124	n/a	
288	14930399	n/a	0	0	n/a	N	0	0000	3096	1615	21.6	566	1842	57232	3096	n/a	948	3052	n/a	25968	3096	n/a	65532	3096	n/a	
289	14930618	n/a	0	0	n/a	N	0	1000	2036	1291	20.9	355	1133	65532	2036	n/a	1636	1836	n/a	25784	2024	n/a	65532	2036	n/a	
290	14930742	n/a	0	0	n/a	N	0	1000	2628	1354	19.4	339	1347	56396	2628	n/a	1436	2576	n/a	20872	2628	n/a	65532	2628	n/a	
291	14930949	n/a	0	0	n/a	N	0	1000	2524	1619	20.2	590	1660	65532	2524	n/a	1244	2440	n/a	36624	2524	n/a	65532	2524	n/a	
292	14931162	n/a	0	0	n/a	N	0	1000	2624	1500	8.93	281	1453	60412	2624	n/a	528	2528	n/a	17028	2612	n/a	65532	2624	n/a	
293	14931223	n/a	0	0	n/a	N	0	0000	152	6.94	0.10	0.18	0.25	3848	152	n/a	80	152	n/a	120	152	n/a	208	152	n/a	
294	14931469	n/a	0	0	n/a	N	0	0000	60	3.15	0.02	0.03	0.26	4716	60	n/a	48	56	n/a	68	60	n/a	444	60	n/a	
295	14931682	n/a	0	0	n/a	N	0	1000	2492	1164	23.1	399	1260	50776	2492	n/a	1504	2404	n/a	23136	2492	n/a	65532	2492	n/a	
296	14931804	n/a	0	0	n/a	N	0	1000	2412	914	5.37	140	831	41852	2412	n/a	332	2352	n/a	8440	2408	n/a	47644	2412	n/a	
297	14931804	n/a	0	0	n/a	N	0	0000	344	19.7	0.00	0.00	0.00	5604	344	n/a	4	4	n/a	0	0	n/a	0	0	n/a	
298	14931804	n/a	0	0	n/a	N	0	0000	640	30.3	0.02	0.00	0.00	4180	640	n/a	24	124	n/a	0	0	n/a	0	0	n/a	
299	14931804	n/a	0	0	n/a	N	0	0000	460	24.9	0.02	0.00	0.00	5112	460	n/a	32	164	n/a	0	0	n/a	0	0	n/a	
300	14931972	n/a	0	0	n/a	N	0	1000	2212	1376	7.81	188	1005	65532	2212	n/a	504	2076	n/a	14552	2176	n/a	65532	2212	n/a	
301	14932028	n/a	0	0	n/a	N	0	1000	2524	1408	21.1	502	1668	61188	2524	n/a	1216	2460	n/a	30196	2524	n/a	65532	2524	n/a	
302	14932399	n/a	0	0	n/a	N	0	1000	2520	1391	14.0	393	1353	58628	2520	n/a	952	2296	n/a	24088	2504	n/a	65532	2520	n/a	
303	14932936	n/a	0	0	n/a	N	0	1000	2428	1274	12.0	274	1353	56616	2428	n/a	716	2368	n/a	16088	2428	n/a	65532	2428	n/a	
304	14933356	n/a	0	0	n/a	N	0	1000	2340	1095	8.84	300	1150	55160	2340	n/a	552	2216	n/a	18724	2324	n/a	61268	2340	n/a	
305	14933600	n/a	0	0	n/a	N	0	1000	2184	1187	13.5	283	1302	59068	2184	n/a	852	2120	n/a	19468	2184	n/a	65532	2184	n/a	
306	14934004	n/a	0	0	n/a	N	0	0000	92	4.41	0.04	0.04	0.15	4096	92	n/a	68	88	n/a	60	88	n/a	244	88	n/a	
307	14934349	n/a	0	0	n/a	N	0	1000	2260	1352	9.99	192	1217	62804	2260	n/a	596	2188	n/a	11192	2260	n/a	65532	2260	n/a	
308	14934454	n/a	0	0	n/a	N	0	1000	2296	1561	13.4	319	1388	65532	2296	n/a	848	2236	n/a	19988	2296	n/a	65532	2296	n/a	
309	14934902	n/a	0	0	n/a	N	0	1000	2524	1349	9.62	298	1072	55876	2524	n/a	612	2440	n/a	17528	2524	n/a	52968	2524	n/a	
310	14935449	n/a	0	0	n/a	N	0	0000	88	4.12	0.04	0.03	0.08	3980	88	n/a	60	84	n/a	52	88	n/a	168	88	n/a	
311	14935586	n/a	0	0	n/a	N	0	1000	2564	1397	18.0	497	1441	57440	2564	n/a	1288	2460	n/a	30340	2564	n/a	65532	2564	n/a	
312	14936067	n/a	0	0	n/a	N	0	1000	2400	1274	8.00	334	1239	56968	2400	n/a	660	2224	n/a	21860	2400	n/a	64776	2400	n/a	
313	14936300	n/a	0	0	n/a	N	0	1000	2728	1444	13.1	296	1278	55872	2728	n/a	824	2640	n/a	15000	2728	n/a	53032	2728	n/a	
314	14936467	n/a	0	0	n/a	N	0	1000	2652	1441	10.2	246	1309	55708	2652	n/a	624	2572	n/a	14576	2640	n/a	63668	2652	n/a	
315	14936473	n/a	0	0	n/a	N	0	0000	2728	1273	8.92	212	1038	49484	2728	n/a	524	2604	n/a	11352	2724	n/a	49116	2728	n/a	
316	14936499	n/a	0	0	n/a	N	0	0000	224	11.0	0.11	0.16	0.75	4268	224	n/a	68	224	n/a	84	224	n/a	436	224	n/a	
317	14936922	n/a	0	0	n/a	N	0	0000	184	14.6	0.09	0.55	4.32	8236	184	n/a	68	184	n/a	368	184	n/a	2728	184	n/a	
318	14937135	n/a	0	0	n/a	N	0	0000	120	7.51	0.04	0.06	0.40	5880	120	n/a	56	116	n/a	60	120	n/a	408	120	n/a	
319	14937502	n/a	0	0	n/a	N	0	1000	2424	1546	20.3	425	1392	65532	2424	n/a	1356	2324	n/a	27144	2424	n/a	65532	2424	n/a	
320	14938148	n/a	0	0	n/a	N	0	1000	2712	1534	35.9	666	1575	61076	2712	n/a	2044	2632	n/a	38132	2712	n/a	65532	2712	n/a	
321	14938614	n/a	0	0	n/a	N	0	0000	68	3.09	0.02	0.03	0.12	3808	68	n/a	52	68	n/a	52	64	n/a	232	68	n/a	
322	14938771	n/a	0	0	n/a	N	0	0000	2080	596	1.04	34.7	353	33960	2080	n/a	80	2056	n/a	2716	2072	n/a	23280	2080	n/a	
323	14938990	n/a	0	0	n/a	N	0	1000	2092	1300	11.1	263	1102	65532	2092	n/a	900	2004	n/a	18632	2092	n/a	65532	2092	n/a	
324	14939215	n/a	0	0	n/a	N	0	0000	152	7.74	0.07	0.05	0.03	4600	152	n/a	64	152	n/a	52	152	n/a	64	96	n/a	
325	14939350	n/a	0	0	n/a	N	0	0000	112	6.88	0.04	0.06	0.36	5756	112	n/a	60	108	n/a	72	108	n/a	404	112	n/a	
326	14939631	n/a	0	0	n/a	N	0	0000	228	11.5	0.08	0.23	0.52	4456	228	n/a	60	224	n/a	148	228	n/a	324	228	n/a	
327	14939863	n/a	0	0	n/a	N	0	0000	100	7.82	0.06	0.13	0.38	8312	100	n/a	68	100	n/a	152	100	n/a	484	100	n/a	
328	14939886	n/a	0	0	n/a	N	0	1000	1800	747	5.07	125	810	45724	1800	n/a	352	1756	n/a	9000	1800	n/a	54800	1800	n/a	
329	14940084	n/a	0	0	n/a	N	0	1000	2568	1561	18.0	361	1546	65532	2568	n/a	860	2488	n/a	17416	2568	n/a	65532	2568	n/a	
330	14940147	n/a	0	0	n/a	N	0	1000	2436	1599	20.6	388	1184	65532	2436	n/a	1332	2340	n/a	25024	2412	n/a	65532	2436	n/a	
331	14940155	n/a	0	0	n/a	N	0	1000	1944	1131	6.91	162	1061	60332	1944	n/a	456	1868	n/a	10464	1936	n/a	65532	1944	n/a	
332	14940173	n/a	0	0	n/a	N	0	1000	2060	1196	8.29	343	1322	60960	2060	n/a	608	1964	n/a	25092	2060	n/a	65532	2060	n/a	
333	14940930	n/a	0	0	n/a	N	0	0000	2924	1650	12.8	253	1134	65532	2924	n/a	756	2852	n/a	13920	2924	n/a	55764	2924	n/a	
334	14941859	n/a	0	0	n/a	N	0	1000	2036	1210	16.9	315	1063	65532	2036	n/a	1528	1960	n/a	30136	2036	n/a	65532	2036	n/a	
335	14941860	n/a	0	0	n/a	N	0	1000	2256	1388	17.2	333	1337	65532	2256	n/a	1160	2100	n/a	20312	2244	n/a	65532	2256	n/a	
336	14943284	n/a	0	0	n/a	N	0	1000	2020	1331	14.4	343	1165	65532	2020	n/a	1024	1864	n/a	26476	1996	n/a	65532	2020	n/a	
337	14943288	n/a	0	0	n/a	N	0	1000	2652	1657	15.8	421	1464	65532	2652	n/a	1052	2312	n/a	27896	2600	n/a	65532	2652	n/a	
338	14943290	n/a	0	0	n/a	N	0	1000	2756	1754	17.0	378	1620	65532	2756	n/a	956	2640	n/a	22132	2740	n/a	65532	2756	n/a	
339	14943292	n/a	0	0	n/a	N	0	1000	2640	1514	30.2	476	1478	63460	2640	n/a	1944	2608	n/a	25800	2640	n/a	65532	2640	n/a	
340	14943373	n/a	0	0	n/a	N	0	0000	152	6.73	0.07	0.11	0.32	3800	152	n/a	60	152	n/a	88	152	n/a	276	152	n/a	
341	14944106	n/a	0	0	n/a	N	0	1000	2372	1347	9.06	177	812	63232	2372	n/a	880	2260	n/a	13796	2332	n/a	50400	2364	n/a	
342	14945398	n/a	0	0	n/a	N	0	1000	1764	1038	5.90	196	828	65532	1764	n/a	576	1620	n/a	19032	1752	n/a	65532	1764	n/a	
343	14945988	n/a	0	0	n/a	N	0	0000	2048	677	1.87	32.9	246	47608	2048	n/a	184	1880	n/a	3048	1860	n/a	21696	2048	n/a	
344	14946268	n/a	0	0	n/a	N	0	1000	2584	1601	28.4	501	1627	64704	2584	n/a	1644	2508	n/a	26820	2584	n/a	65532	2584	n/a	
345	14946347	n/a	0	0	n/a	N	0	1000	2348	1583	37.8	736	1591	65532	2348	n/a	2456	2296	n/a	48788	2348	n/a	65532	2348	n/a	
346	14946730	n/a	0	0	n/a	N	0	1000	2588	1234	5.21	176	778	53696	2588	n/a	304	2492	n/a	10620	2568	n/a	43580	2588	n/a	
347	14946853	n/a	0	0	n/a	N	0	1000	2660	1694	14.4	436	1705	65532	2660	n/a	764	2588	n/a	20532	2660	n/a	65532	2660	n/a	
348	14946854	n/a	0	0	n/a	N	0	1000	1828	1268	7.71	155	1099	65532	1828	n/a	640	1732	n/a	11164	1828	n/a	65532	1828	n/a	
349	14947736	n/a	0	0	n/a	N	0	1000	2440	1325	16.7	426	1426	58344	2440	n/a	1456	2376	n/a	27112	2432	n/a	65532	2440	n/a	
350	14947983	n/a	0	0	n/a	N	0	1000	2284	1340	23.5	392	1386	64764	2284	n/a	1540	2180	n/a	24728	2284	n/a	65532	2284	n/a	
351	14949356	n/a	0	0	n/a	N	0	0000	224	10.8	0.10	0.09	0.21	4296	224	n/a	64	216	n/a	52	224	n/a	224	184	n/a	
352	14949818	n/a	0	0	n/a	N	0	1000	2124	1143	8.00	153	655	64152	2124	n/a	536	2084	n/a	10820	2124	n/a	37640	2124	n/a	
353	14950064	n/a	0	0	n/a	N	0	1000	2428	1290	16.1	326	1134	57908	2428	n/a	1140	2340	n/a	22616	2428	n/a	64740	2428	n/a	
354	14950121	n/a	0	0	n/a	N	0	1000	2380	1321	15.0	304	1200	65532	2380	n/a	984	2096	n/a	19836	2364	n/a	65532	2380	n/a	
355	14950124	n/a	0	0	n/a	N	0	1000	2392	1323	5.63	133	911	65532	2392	n/a	388	2308	n/a	8284	2388	n/a	55852	2392	n/a	
356	14950125	n/a	0	0	n/a	N	0	0000	3268	1863	9.28	154	1032	65532	3268	n/a	460	3064	n/a	6564	3244	n/a	44116	3268	n/a	
357	14950127	n/a	0	0	n/a	N	0	1000	2312	1098	7.69	152	635	65532	2312	n/a	720	1996	n/a	13244	2248	n/a	48524	2300	n/a	
358	14950128	n/a	0	0	n/a	N	0	0000	3084	1524	13.6	279	1256	65532	3084	n/a	776	2932	n/a	18332	3084	n/a	65532	3076	n/a	
359	14950128	n/a	0	0	n/a	N	0	0000	332	49.2	0.04	0.14	1.36	18552	332	n/a	44	172	n/a	136	192	n/a	728	324	n/a	
360	14950138	n/a	0	0	n/a	N	0	1000	2476	1438	10.8	302	1261	65532	2476	n/a	792	2364	n/a	18740	2476	n/a	65532	2476	n/a	
361	14950629	n/a	0	0	n/a	N	0	1000	2768	1456	21.5	576	1785	55624	2768	n/a	1252	2604	n/a	33528	2700	n/a	65532	2768	n/a	
362	14950962	n/a	0	0	n/a	N	0	0000	340	25.4	0.18	0.90	2.69	7376	340	n/a	76	340	n/a	332	340	n/a	1100	340	n/a	
363	14951164	n/a	0	0	n/a	N	0	1000	2312	1139	10.1	176	1137	50184	2312	n/a	624	2232	n/a	10300	2312	n/a	63912	2312	n/a	
364	14951172	n/a	0	0	n/a	N	0	1000	2112	999	17.3	322	1224	53744	2112	n/a	1264	2064	n/a	23128	2112	n/a	65532	2112	n/a	
365	14951176	n/a	0	0	n/a	N	0	1000	2704	1620	8.41	237	1089	65532	2704	n/a	500	2604	n/a	12748	2648	n/a	54520	2704	n/a	
366	14951178	n/a	0	0	n/a	N	0	0000	4876	1778	39.9	441	1613	60228	4876	n/a	2312	2672	n/a	26052	2728	n/a	65532	2852	n/a	
367	14951213	n/a	0	0	n/a	N	0	1000	2768	1475	13.6	453	1711	57508	2768	n/a	700	2704	n/a	22548	2768	n/a	65532	2768	n/a	
368	14951386	n/a	0	0	n/a	N	0	1000	2336	1440	13.8	321	1274	65272	2336	n/a	1004	2212	n/a	20808	2312	n/a	65532	2336	n/a	
369	14951386	n/a	0	0	n/a	N	0	0000	420	20.9	0.00	0.00	0.04	4928	420	n/a	0	0	n/a	0	0	n/a	188	80	n/a	
370	14951800	n/a	0	0	n/a	N	0	1000	2140	1078	11.4	274	1026	53160	2140	n/a	848	2044	n/a	16924	2128	n/a	65184	2140	n/a	
371	14952077	n/a	0	0	n/a	N	0	1000	2124	1383	8.50	215	1109	65532	2124	n/a	548	2028	n/a	14232	2124	n/a	65532	2124	n/a	
372	14952181	n/a	0	0	n/a	N	0	0000	84	4.18	0.03	0.15	0.72	4356	84	n/a	52	80	n/a	220	84	n/a	828	84	n/a	
373	14952534	n/a	0	0	n/a	N	0	0000	84	4.06	0.06	0.42	0.77	4216	84	n/a	84	84	n/a	496	84	n/a	964	84	n/a	
374	14953238	n/a	0	0	n/a	N	0	0000	2956	1563	5.95	70.9	377	65532	2956	n/a	324	2688	n/a	3880	2712	n/a	20728	2720	n/a	
375	14953244	n/a	0	0	n/a	N	0	1000	2520	1354	5.15	88.2	459	59300	2520	n/a	296	2480	n/a	4624	2516	n/a	23484	2520	n/a	
376	14953247	n/a	0	0	n/a	N	0	1000	1844	1080	9.23	302	995	65532	1844	n/a	828	1696	n/a	29244	1844	n/a	65532	1844	n/a	
377	14953823	n/a	0	0	n/a	N	0	0000	128	6.77	0.05	0.04	0.10	4712	128	n/a	56	128	n/a	56	120	n/a	148	116	n/a	
378	14955578	n/a	0	0	n/a	N	0	0000	212	16.7	0.12	0.91	5.02	7976	212	n/a	76	212	n/a	500	212	n/a	2696	212	n/a	
379	14955751	n/a	0	0	n/a	N	0	1000	1788	911	0.87	11.4	146	53144	1788	n/a	112	1724	n/a	1404	1696	n/a	11912	1784	n/a	
380	14956786	n/a	0	0	n/a	N	0	1000	2288	1469	12.7	324	1465	65532	2288	n/a	736	2196	n/a	17384	2288	n/a	65532	2288	n/a	
381	14956791	n/a	0	0	n/a	N	0	0000	228	13.4	0.10	0.38	2.37	5480	228	n/a	72	228	n/a	192	228	n/a	1120	228	n/a	
382	14956890	n/a	0	0	n/a	N	0	1000	2368	1156	5.03	184	779	51148	2368	n/a	284	2288	n/a	11456	2368	n/a	45908	2368	n/a	
383	14956900	n/a	0	0	n/a	N	0	1000	2264	1268	12.9	232	810	65532	2264	n/a	1108	2132	n/a	18160	2264	n/a	52296	2264	n/a	
384	14956901	n/a	0	0	n/a	N	0	0000	3540	1843	12.6	447	1324	65532	3540	n/a	1224	2024	n/a	35156	3112	n/a	65532	3464	n/a	
385	14956906	n/a	0	0	n/a	N	0	1000	2620	1258	15.8	455	1620	49304	2620	n/a	828	2548	n/a	23640	2620	n/a	65532	2620	n/a	
386	14957006	n/a	0	0	n/a	N	0	1000	2452	1339	15.1	311	1453	59240	2452	n/a	904	2376	n/a	17532	2452	n/a	65532	2452	n/a	
387	14957207	n/a	0	0	n/a	N	0	1000	2468	1650	8.63	223	1014	65532	2468	n/a	612	2400	n/a	13756	2448	n/a	53740	2468	n/a	
388	14957325	n/a	0	0	n/a	N	0	1000	2240	849	10.1	376	767	41440	2240	n/a	776	2152	n/a	27356	2240	n/a	48448	2240	n/a	
389	14957357	n/a	0	0	n/a	N	0	1000	2420	1355	6.54	281	1450	60672	2420	n/a	520	2328	n/a	19620	2404	n/a	65532	2420	n/a	
390	14957358	n/a	0	0	n/a	N	0	1000	2200	973	4.03	211	804	59636	2200	n/a	316	2148	n/a	15156	2200	n/a	55416	2200	n/a	
391	14957359	n/a	0	0	n/a	N	0	1000	2576	1585	8.80	221	1353	65532	2576	n/a	496	2456	n/a	12076	2560	n/a	65532	2576	n/a	
392	14957360	n/a	0	0	n/a	N	0	0000	964	188	6.97	50.6	20.9	22560	964	n/a	992	964	n/a	7660	964	n/a	3516	944	n/a	
393	14957361	n/a	0	0	n/a	N	0	0000	152	8.68	0.06	0.06	0.46	5292	152	n/a	72	148	n/a	56	148	n/a	416	152	n/a	
394	14958532	n/a	0	0	n/a	N	0	0000	2908	1577	21.7	539	1476	65532	2908	n/a	1564	2716	n/a	33968	2888	n/a	65532	2908	n/a	
395	14958759	n/a	0	0	n/a	N	0	0000	2888	1797	6.77	184	1080	65532	2888	n/a	356	2804	n/a	8992	2884	n/a	47908	2888	n/a	
396	14959416	n/a	0	0	n/a	N	0	1000	2516	1531	9.40	339	1313	65532	2516	n/a	664	2392	n/a	21944	2464	n/a	65532	2516	n/a	
397	14960238	n/a	0	0	n/a	N	0	1000	2016	1323	14.5	273	1155	65532	2016	n/a	1184	1856	n/a	20160	2000	n/a	65532	2016	n/a	
398	14960894	n/a	0	0	n/a	N	0	1000	2412	1089	5.89	231	1299	48288	2412	n/a	384	2352	n/a	14856	2412	n/a	65532	2412	n/a	
399	14961495	n/a	0	0	n/a	N	0	1000	2240	1204	10.5	218	974	61628	2240	n/a	876	2028	n/a	15940	2200	n/a	65532	2240	n/a	
400	14962520	n/a	0	0	n/a	N	0	1000	2704	1554	19.6	315	1553	62308	2704	n/a	1136	2592	n/a	15992	2696	n/a	65532	2704	n/a	
401	14963264	n/a	0	0	n/a	N	0	0000	244	16.1	0.17	1.29	5.98	6328	244	n/a	104	244	n/a	540	244	n/a	2504	244	n/a	
402	14963386	n/a	0	0	n/a	N	0	1000	2388	1492	25.4	447	1436	65532	2388	n/a	1572	2312	n/a	27204	2388	n/a	65532	2388	n/a	
403	14963486	n/a	0	0	n/a	N	0	0000	92	4.29	0.04	0.14	0.47	3968	92	n/a	56	92	n/a	160	92	n/a	612	92	n/a	
404	14963487	n/a	0	0	n/a	N	0	1000	2664	1510	11.6	313	1108	61864	2664	n/a	652	2592	n/a	15584	2632	n/a	51956	2664	n/a	
405	14963712	n/a	0	0	n/a	N	0	1000	2532	1526	9.74	223	1397	64548	2532	n/a	508	2464	n/a	11676	2532	n/a	65532	2532	n/a	
406	14964291	n/a	0	0	n/a	N	0	1000	2512	1448	13.8	433	1348	59916	2512	n/a	960	2336	n/a	27960	2512	n/a	65532	2512	n/a	
407	14964993	n/a	0	0	n/a	N	0	1000	2388	1380	7.28	220	986	57968	2388	n/a	400	2288	n/a	11780	2388	n/a	50284	2388	n/a	
408	14965246	n/a	0	0	n/a	N	0	1000	2384	1408	8.39	177	1246	63900	2384	n/a	448	2264	n/a	9816	2376	n/a	65532	2384	n/a	
409	14965271	n/a	0	0	n/a	N	0	0000	2856	1503	19.0	508	1818	55776	2856	n/a	1012	2780	n/a	26320	2856	n/a	65532	2856	n/a	
410	14966424	n/a	0	0	n/a	N	0	1000	2560	1143	14.2	369	1480	44452	2560	n/a	1084	2500	n/a	23692	2560	n/a	65532	2560	n/a	
411	14967113	n/a	0	0	n/a	N	0	1000	2392	1494	7.67	243	1027	65532	2392	n/a	388	2304	n/a	15520	2392	n/a	59824	2392	n/a	
412	14967206	n/a	0	0	n/a	N	0	0000	4452	2458	15.9	393	1696	65532	4452	n/a	624	4240	n/a	14996	4412	n/a	60124	4452	n/a	
413	14967825	n/a	0	0	n/a	N	0	1000	2412	1374	8.30	226	1100	62316	2412	n/a	492	2288	n/a	13484	2376	n/a	60872	2412	n/a	
414	14967876	n/a	0	0	n/a	N	0	1000	2160	1359	1.72	30.7	455	65532	2160	n/a	128	2092	n/a	2156	2072	n/a	28788	2160	n/a	
415	14969279	n/a	0	0	n/a	N	0	1000	2556	1310	8.85	276	1197	55136	2556	n/a	704	2484	n/a	17728	2536	n/a	64620	2556	n/a	
416	14969435	n/a	0	0	n/a	N	0	1000	2048	1116	9.76	136	689	64976	2048	n/a	808	1856	n/a	11160	2028	n/a	51700	2048	n/a	
417	14969559	n/a	0	0	n/a	N	0	1000	2140	1267	16.0	360	1372	62852	2140	n/a	1052	2072	n/a	24376	2140	n/a	65532	2140	n/a	
418	14969886	n/a	0	0	n/a	N	0	1000	2280	1142	12.6	269	1219	53692	2280	n/a	992	2208	n/a	19584	2268	n/a	65532	2280	n/a	
419	14969980	n/a	0	0	n/a	N	0	0000	312	19.9	0.11	0.08	0.13	5864	312	n/a	68	296	n/a	48	244	n/a	152	188	n/a	
420	14970035	n/a	0	0	n/a	N	0	0000	176	10.2	0.08	0.09	0.45	5484	176	n/a	68	172	n/a	80	172	n/a	344	176	n/a	
421	14970127	n/a	0	0	n/a	N	0	0000	124	6.45	0.06	0.13	0.82	4620	124	n/a	72	124	n/a	128	124	n/a	720	124	n/a	
422	14971355	n/a	0	0	n/a	N	0	0000	156	10.0	0.06	0.04	0.05	6548	156	n/a	60	152	n/a	48	152	n/a	116	104	n/a	
423	14971784	n/a	0	0	n/a	N	0	1000	1812	1127	12.5	168	833	65532	1812	n/a	932	1704	n/a	12080	1808	n/a	58604	1812	n/a	
424	14971901	n/a	0	0	n/a	N	0	0000	364	17.5	0.10	0.08	0.12	4336	364	n/a	56	348	n/a	48	336	n/a	140	168	n/a	
425	14972852	n/a	0	0	n/a	N	0	0000	284	16.0	0.36	2.09	4.88	5136	284	n/a	152	284	n/a	728	284	n/a	1892	284	n/a	
426	14973677	n/a	0	0	n/a	N	0	1000	2400	1190	1.67	50.2	583	65532	2400	n/a	124	2336	n/a	4080	2328	n/a	41760	2400	n/a	
427	14974121	n/a	0	0	n/a	N	0	0000	124	6.60	0.04	0.06	0.46	4792	124	n/a	48	116	n/a	76	120	n/a	404	124	n/a	
428	14974634	n/a	0	0	n/a	N	0	1000	1540	960	4.29	61.1	441	64412	1540	n/a	408	1496	n/a	5016	1540	n/a	33772	1540	n/a	
429	14974940	n/a	0	0	n/a	N	0	0000	180	8.40	0.20	0.73	1.60	3996	180	n/a	120	180	n/a	372	180	n/a	932	180	n/a	
430	14975755	n/a	0	0	n/a	N	0	1000	2756	1726	15.9	482	1768	65532	2756	n/a	832	2692	n/a	24020	2756	n/a	65532	2756	n/a	
431	14976521	n/a	0	0	n/a	N	0	0000	2780	1109	10.00	358	1343	44404	2780	n/a	656	2448	n/a	25376	2744	n/a	65532	2780	n/a	
432	14976914	n/a	0	0	n/a	N	0	0000	84	4.00	0.03	0.04	0.03	4100	84	n/a	52	84	n/a	60	84	n/a	100	44	n/a	
433	14976933	n/a	0	0	n/a	N	0	1000	2800	1381	14.1	391	1489	57300	2800	n/a	880	2444	n/a	23904	2716	n/a	65532	2800	n/a	
434	14977429	n/a	0	0	n/a	N	0	1000	2080	1055	14.3	378	1058	56780	2080	n/a	1068	1976	n/a	27472	2080	n/a	65532	2080	n/a	
435	14977436	n/a	0	0	n/a	N	0	1000	2428	1206	8.49	181	831	52644	2428	n/a	460	2348	n/a	10560	2420	n/a	42360	2428	n/a	
436	14977539	n/a	0	0	n/a	N	0	1000	2432	1213	11.4	283	1078	53464	2432	n/a	748	2344	n/a	17776	2432	n/a	58164	2432	n/a	
437	14977539	n/a	0	0	n/a	N	0	0000	184	8.17	0.00	0.00	0.15	3688	184	n/a	16	20	n/a	0	0	n/a	200	140	n/a	
438	14977542	n/a	0	0	n/a	N	0	1000	1884	814	12.0	242	865	44712	1884	n/a	888	1824	n/a	19060	1884	n/a	59048	1884	n/a	
439	14977580	n/a	0	0	n/a	N	0	0000	2596	1120	10.5	206	919	49852	2596	n/a	652	2512	n/a	12224	2588	n/a	48124	2596	n/a	
440	14977655	n/a	0	0	n/a	N	0	1000	2192	1241	7.39	215	823	59860	2192	n/a	524	2116	n/a	13912	2192	n/a	46452	2192	n/a	
441	14977657	n/a	0	0	n/a	N	0	1000	2208	1267	7.94	166	757	64988	2208	n/a	596	2024	n/a	10844	2128	n/a	44852	2208	n/a	
442	14977730	n/a	0	0	n/a	N	0	0000	116	6.10	0.18	0.68	0.89	4700	116	n/a	192	116	n/a	692	116	n/a	892	116	n/a	
443	14978064	n/a	0	0	n/a	N	0	1000	2424	1243	13.5	347	1395	57048	2424	n/a	724	2392	n/a	18100	2424	n/a	65532	2424	n/a	
444	14978394	n/a	0	0	n/a	N	0	1000	2008	1029	9.35	219	1145	53380	2008	n/a	752	1936	n/a	16440	2008	n/a	65532	2008	n/a	
445	14978517	n/a	0	0	n/a	N	0	0000	80	3.79	0.05	0.38	1.41	4052	80	n/a	68	80	n/a	444	80	n/a	1752	80	n/a	
446	14978518	n/a	0	0	n/a	N	0	0000	2848	1603	15.0	466	1691	62536	2848	n/a	900	2676	n/a	24264	2760	n/a	65532	2848	n/a	
447	14978885	n/a	0	0	n/a	N	0	1000	2408	1439	11.4	265	1323	63044	2408	n/a	756	2348	n/a	16988	2408	n/a	65532	2408	n/a	
448	14978928	n/a	0	0	n/a	N	0	1000	1892	895	6.93	161	848	50176	1892	n/a	776	1832	n/a	10828	1892	n/a	58896	1892	n/a	
449	14979088	n/a	0	0	n/a	N	0	1000	2428	1145	8.93	248	1176	51096	2428	n/a	652	2356	n/a	15708	2428	n/a	65020	2428	n/a	
450	14979098	n/a	0	0	n/a	N	0	0000	100	5.36	0.04	0.07	0.33	4832	100	n/a	76	100	n/a	100	100	n/a	332	100	n/a	
451	14979290	n/a	0	0	n/a	N	0	1000	1636	1086	5.72	150	810	65532	1636	n/a	608	1532	n/a	16748	1632	n/a	65532	1636	n/a	
452	14979811	n/a	0	0	n/a	N	0	1000	2496	1451	19.8	570	1661	60712	2496	n/a	1084	2444	n/a	32616	2496	n/a	65532	2496	n/a	
453	14981262	n/a	0	0	n/a	N	0	1000	2680	1464	7.95	229	1122	56344	2680	n/a	456	2588	n/a	11936	2680	n/a	50948	2680	n/a	
454	14981572	n/a	0	0	n/a	N	0	1000	2360	1081	9.89	230	1152	54188	2360	n/a	552	2288	n/a	13176	2360	n/a	60524	2360	n/a	
455	14982082	n/a	0	0	n/a	N	0	1000	2444	1160	8.61	315	1110	53520	2444	n/a	616	2380	n/a	18956	2444	n/a	59252	2444	n/a	
456	14983507	n/a	0	0	n/a	N	0	0000	380	23.7	0.17	0.34	0.55	5916	380	n/a	72	376	n/a	120	380	n/a	272	360	n/a	
457	14984472	n/a	0	0	n/a	N	0	1000	1980	983	7.73	183	801	53144	1980	n/a	604	1920	n/a	12700	1980	n/a	47152	1980	n/a	
458	14984586	n/a	0	0	n/a	N	0	0000	108	6.28	0.09	0.50	1.92	5368	108	n/a	128	108	n/a	532	108	n/a	2028	108	n/a	
459	14984664	n/a	0	0	n/a	N	0	0000	88	4.46	0.03	0.02	0.04	4504	88	n/a	48	84	n/a	48	80	n/a	188	64	n/a	
460	14984829	n/a	0	0	n/a	N	0	0000	2752	1232	24.5	496	1405	49484	2752	n/a	1548	2500	n/a	27744	2580	n/a	64432	2748	n/a	
461	14985014	n/a	0	0	n/a	N	0	1000	2780	1632	10.3	247	1431	64876	2780	n/a	628	2596	n/a	13604	2672	n/a	65532	2780	n/a	
462	14985084	n/a	0	0	n/a	N	0	0000	224	13.6	0.31	1.43	2.22	5844	224	n/a	172	224	n/a	692	224	n/a	1112	224	n/a	
463	14985329	n/a	0	0	n/a	N	0	0000	64	3.07	0.03	0.08	0.57	4120	64	n/a	56	64	n/a	128	64	n/a	832	64	n/a	
464	14985639	n/a	0	0	n/a	N	0	1000	2228	978	4.34	106	762	48124	2228	n/a	352	2144	n/a	8120	2228	n/a	51368	2228	n/a	
465	14985655	n/a	0	0	n/a	N	0	0000	72	3.42	0.03	0.04	0.15	4084	72	n/a	56	72	n/a	72	72	n/a	308	72	n/a	
466	14986374	n/a	0	0	n/a	N	0	0000	116	5.83	0.05	0.05	0.14	4380	116	n/a	60	116	n/a	60	116	n/a	224	104	n/a	
467	14987320	n/a	0	0	n/a	N	0	1000	2480	1014	4.96	125	630	47908	2480	n/a	308	2356	n/a	7940	2460	n/a	36012	2480	n/a	
468	14987482	n/a	0	0	n/a	N	0	1000	2376	1271	12.3	288	1389	57056	2376	n/a	728	2320	n/a	16164	2376	n/a	65532	2376	n/a	
469	14987491	n/a	0	0	n/a	N	0	0000	664	152	2.67	10.7	12.5	33252	664	n/a	576	660	n/a	2300	664	n/a	2812	664	n/a	
470	14987669	n/a	0	0	n/a	N	0	1000	2300	1313	13.8	347	1338	65532	2300	n/a	940	2196	n/a	23496	2280	n/a	65532	2300	n/a	
471	14987931	n/a	0	0	n/a	N	0	1000	2272	1439	8.86	195	1114	63900	2272	n/a	592	2180	n/a	12948	2272	n/a	65532	2272	n/a	
472	14987937	n/a	0	0	n/a	N	0	1000	2148	1288	7.59	144	923	65532	2148	n/a	516	1820	n/a	10468	2124	n/a	65532	2148	n/a	
473	14988071	n/a	0	0	n/a	N	0	0000	328	18.5	0.12	0.09	0.29	6204	328	n/a	64	312	n/a	52	304	n/a	188	312	n/a	
474	14988162	n/a	0	0	n/a	N	0	1000	2048	922	8.46	272	1044	47192	2048	n/a	584	1976	n/a	21524	2048	n/a	65532	2048	n/a	
475	14988168	n/a	0	0	n/a	N	0	0000	2668	1166	12.8	374	1224	49700	2668	n/a	1000	2320	n/a	26880	2460	n/a	65532	2656	n/a	
476	14989237	n/a	0	0	n/a	N	0	1000	2220	1089	8.11	251	1299	55708	2220	n/a	520	2152	n/a	14784	2220	n/a	65532	2220	n/a	
477	14989291	n/a	0	0	n/a	N	0	0000	164	10.7	0.07	0.20	1.35	6284	164	n/a	76	160	n/a	156	164	n/a	944	164	n/a	
478	14989438	n/a	0	0	n/a	N	0	1000	2252	1433	17.8	296	1304	65532	2252	n/a	1196	2164	n/a	18996	2252	n/a	65532	2252	n/a	
479	14989531	n/a	0	0	n/a	N	0	1000	2588	1262	8.79	218	1033	51536	2588	n/a	592	2468	n/a	13112	2584	n/a	54724	2588	n/a	
480	14989699	n/a	0	0	n/a	N	0	0000	128	6.34	0.08	0.12	0.39	4408	128	n/a	68	128	n/a	100	128	n/a	352	128	n/a	
481	14990364	n/a	0	0	n/a	N	0	0000	2668	885	4.51	158	945	34828	2668	n/a	260	2556	n/a	8168	2668	n/a	45248	2668	n/a	
482	14990372	n/a	0	0	n/a	N	0	1000	2436	1357	8.46	168	1017	64008	2436	n/a	548	2368	n/a	8868	2436	n/a	51984	2436	n/a	
483	14991256	n/a	0	0	n/a	N	0	0000	168	12.5	0.12	0.26	0.27	7224	168	n/a	88	168	n/a	192	168	n/a	268	168	n/a	
484	14991466	n/a	0	0	n/a	N	0	1000	2420	1173	15.8	242	1207	55120	2420	n/a	1008	2360	n/a	13280	2420	n/a	59400	2420	n/a	
485	14991721	n/a	0	0	n/a	N	0	0000	132	6.74	0.06	0.06	0.23	4612	132	n/a	60	128	n/a	60	132	n/a	232	132	n/a	
486	14992215	n/a	0	0	n/a	N	0	1000	2188	1044	3.87	140	809	49520	2188	n/a	292	2000	n/a	9900	2164	n/a	51232	2188	n/a	
487	14992531	n/a	0	0	n/a	N	0	1000	2408	1372	7.69	230	1353	62912	2408	n/a	464	2360	n/a	13480	2408	n/a	65532	2408	n/a	
488	14993171	n/a	0	0	n/a	N	0	1000	2416	1293	24.1	497	1442	56784	2416	n/a	1432	2360	n/a	27264	2416	n/a	65532	2416	n/a	
489	14993782	n/a	0	0	n/a	N	0	1000	1972	1139	10.1	213	1035	59668	1972	n/a	768	1844	n/a	14908	1968	n/a	65532	1972	n/a	
490	14993795	n/a	0	0	n/a	N	0	0000	80	3.80	0.08	0.39	0.77	4156	80	n/a	104	80	n/a	476	80	n/a	960	80	n/a	
491	14993992	n/a	0	0	n/a	N	0	1000	2184	1192	7.05	138	752	62144	2184	n/a	540	1920	n/a	10388	2116	n/a	48500	2184	n/a	
492	14994191	n/a	0	0	n/a	N	0	1000	2408	1390	7.58	237	1290	58856	2408	n/a	416	2340	n/a	13768	2408	n/a	65532	2408	n/a	
493	14994900	n/a	0	0	n/a	N	0	1000	2136	1049	1.58	25.9	356	57836	2136	n/a	132	2088	n/a	1676	2136	n/a	21492	2136	n/a	
494	14995614	n/a	0	0	n/a	N	0	1000	2200	1228	8.54	186	1079	56956	2200	n/a	576	2124	n/a	11052	2200	n/a	61076	2200	n/a	
495	14996319	n/a	0	0	n/a	N	0	0000	112	5.01	0.15	0.79	0.93	3716	112	n/a	132	112	n/a	648	112	n/a	764	112	n/a	
496	14996505	n/a	0	0	n/a	N	0	1000	1972	938	6.63	176	670	53212	1972	n/a	476	1916	n/a	13540	1968	n/a	45548	1972	n/a	
497	14996760	n/a	0	0	n/a	N	0	1000	2320	1306	9.60	233	1277	59220	2320	n/a	576	2244	n/a	13552	2320	n/a	65532	2320	n/a	
498	14996969	n/a	0	0	n/a	N	0	1000	2076	962	4.90	116	592	49940	2076	n/a	404	1988	n/a	8836	2040	n/a	40572	2076	n/a	
499	14997342	n/a	0	0	n/a	N	0	1000	2308	1313	19.8	302	1297	60612	2308	n/a	1096	2216	n/a	18084	2308	n/a	65532	2308	n/a	
500	14997478	n/a	0	0	n/a	N	0	1000	2056	815	7.61	120	519	43640	2056	n/a	876	1928	n/a	8296	2036	n/a	34844	2056	n/a	
501	14997690	n/a	0	0	n/a	N	0	0000	64	2.98	0.02	0.06	0.12	3976	64	n/a	48	64	n/a	96	64	n/a	220	64	n/a	
502	14997692	n/a	0	0	n/a	N	0	1000	2284	1272	7.17	181	1039	58352	2284	n/a	544	2216	n/a	12180	2280	n/a	61308	2284	n/a	
503	14997850	n/a	0	0	n/a	N	0	1000	2392	1427	12.9	255	1196	62724	2392	n/a	632	2332	n/a	13280	2392	n/a	57936	2392	n/a	
504	14998339	n/a	0	0	n/a	N	0	0000	128	7.57	0.14	0.77	1.65	5576	128	n/a	128	128	n/a	604	128	n/a	1356	128	n/a	
505	14999376	n/a	0	0	n/a	N	0	0000	180	9.61	0.10	0.44	0.91	4904	180	n/a	88	180	n/a	256	180	n/a	664	180	n/a	
506	14999377	n/a	0	0	n/a	N	0	1000	2092	1349	20.6	360	1098	65532	2092	n/a	1780	1960	n/a	27132	2060	n/a	65532	2092	n/a	
507	15000185	n/a	0	0	n/a	N	0	1000	2296	846	3.05	80.4	462	38764	2296	n/a	196	2164	n/a	5320	2260	n/a	26996	2296	n/a	
508	15000394	n/a	0	0	n/a	N	0	1000	1728	635	3.19	77.6	532	38780	1728	n/a	236	1704	n/a	6420	1728	n/a	42212	1728	n/a	
509	15000412	n/a	0	0	n/a	N	0	1000	1856	1021	6.84	167	854	58964	1856	n/a	492	1796	n/a	12812	1856	n/a	62264	1856	n/a	
510	15000518	n/a	0	0	n/a	N	0	1000	2524	1641	21.1	386	1523	65532	2524	n/a	1196	2408	n/a	22440	2524	n/a	65532	2524	n/a	
511	15000522	n/a	0	0	n/a	N	0	1000	2244	1244	9.88	252	1378	55268	2244	n/a	612	2176	n/a	16808	2240	n/a	65532	2244	n/a	
512	15000637	n/a	0	0	n/a	N	0	1000	2764	1408	14.5	437	1769	55660	2764	n/a	744	2680	n/a	23408	2764	n/a	65532	2764	n/a	
513	15001063	n/a	0	0	n/a	N	0	1000	2612	1683	11.7	299	1557	65532	2612	n/a	676	2524	n/a	15708	2564	n/a	65532	2612	n/a	
514	15001063	n/a	0	0	n/a	N	0	0000	236	15.7	0.00	0.00	1.81	6284	236	n/a	0	0	n/a	0	0	n/a	884	236	n/a	
515	15001205	n/a	0	0	n/a	N	0	1000	2000	845	4.01	89.1	483	48456	2000	n/a	288	1940	n/a	6564	1972	n/a	32232	2000	n/a	
516	15001350	n/a	0	0	n/a	N	0	1000	2304	1161	6.38	207	1122	53548	2304	n/a	372	2232	n/a	12436	2304	n/a	65532	2304	n/a	
517	15002824	n/a	0	0	n/a	N	0	1000	2116	904	5.51	191	1198	45684	2116	n/a	400	2080	n/a	13664	2116	n/a	65532	2116	n/a	
518	15003168	n/a	0	0	n/a	N	0	1000	2676	1804	23.6	241	886	65532	2676	n/a	2352	2596	n/a	23052	2668	n/a	52060	2676	n/a	
519	15003184	n/a	0	0	n/a	N	0	1000	2352	957	12.3	213	638	42700	2352	n/a	832	2268	n/a	13236	2348	n/a	37368	2352	n/a	
520	15003590	n/a	0	0	n/a	N	0	0000	108	5.93	0.13	1.09	3.79	4968	108	n/a	124	108	n/a	996	108	n/a	3328	108	n/a	
521	15003681	n/a	0	0	n/a	N	0	1000	2196	1222	13.2	235	1028	60052	2196	n/a	992	2100	n/a	15056	2196	n/a	55932	2196	n/a	
522	15003771	n/a	0	0	n/a	N	0	1000	2272	1227	7.27	229	1234	57848	2272	n/a	516	2208	n/a	16112	2272	n/a	65532	2272	n/a	
523	15003777	n/a	0	0	n/a	N	0	1000	2448	1448	17.8	303	1003	60896	2448	n/a	1344	2340	n/a	19496	2448	n/a	60908	2448	n/a	
524	15003780	n/a	0	0	n/a	N	0	0000	296	27.8	0.15	0.20	2.43	9856	296	n/a	84	296	n/a	96	296	n/a	1048	296	n/a	
525	15004682	n/a	0	0	n/a	N	0	1000	2312	1168	6.88	227	1054	59444	2312	n/a	616	2024	n/a	18332	2168	n/a	65532	2312	n/a	
526	15004912	n/a	0	0	n/a	N	0	0000	244	13.6	0.09	0.30	0.80	5884	244	n/a	56	240	n/a	144	244	n/a	416	244	n/a	
527	15005808	n/a	0	0	n/a	N	0	1000	2304	1191	10.7	231	1070	57544	2304	n/a	696	2252	n/a	14204	2304	n/a	56052	2304	n/a	
528	15005811	n/a	0	0	n/a	N	0	0000	328	43.1	0.13	0.08	0.34	14256	328	n/a	72	316	n/a	48	292	n/a	220	312	n/a	
529	15007002	n/a	0	0	n/a	N	0	1000	2288	1108	24.2	462	1497	50372	2288	n/a	1580	2200	n/a	29224	2288	n/a	65532	2288	n/a	
530	15007002	n/a	0	0	n/a	N	0	0000	96	4.69	0.00	0.00	0.58	4232	96	n/a	0	0	n/a	0	0	n/a	632	96	n/a	
531	15007009	n/a	0	0	n/a	N	0	1000	2480	1676	14.0	318	1445	65532	2480	n/a	836	2428	n/a	20088	2480	n/a	65532	2480	n/a	
532	15007044	n/a	0	0	n/a	N	0	1000	2304	1524	19.8	572	1546	65532	2304	n/a	1460	2244	n/a	41148	2304	n/a	65532	2304	n/a	
533	15007044	n/a	0	0	n/a	N	0	0000	336	53.7	0.03	1.22	7.76	22788	336	n/a	48	116	n/a	656	284	n/a	3052	336	n/a	
534	15007050	n/a	0	0	n/a	N	0	1000	2268	1382	12.3	252	1273	63456	2268	n/a	792	2200	n/a	14668	2268	n/a	65532	2268	n/a	
535	15007572	n/a	0	0	n/a	N	0	0000	68	3.21	0.05	0.21	1.04	4052	68	n/a	88	68	n/a	300	68	n/a	1496	68	n/a	
536	15007838	n/a	0	0	n/a	N	0	0000	2868	1851	18.8	306	1535	65532	2868	n/a	1028	2776	n/a	15700	2864	n/a	65532	2868	n/a	
537	15008098	n/a	0	0	n/a	N	0	0000	92	4.81	0.08	0.45	1.43	4712	92	n/a	108	92	n/a	524	92	n/a	1616	92	n/a	
538	15008644	n/a	0	0	n/a	N	0	1000	1792	1108	10.6	243	1076	65532	1792	n/a	796	1624	n/a	19236	1792	n/a	65532	1792	n/a	
539	15008655	n/a	0	0	n/a	N	0	0000	324	22.3	0.35	2.35	6.99	6720	324	n/a	152	324	n/a	908	324	n/a	2344	324	n/a	
540	15009071	n/a	0	0	n/a	N	0	1000	2392	1591	11.5	288	1250	65532	2392	n/a	764	2316	n/a	18236	2392	n/a	65532	2392	n/a	
541	15009262	n/a	0	0	n/a	N	0	1000	2552	1601	13.3	278	1312	65532	2552	n/a	2632	2468	n/a	15836	2552	n/a	65532	2552	n/a	
542	15009282	n/a	0	0	n/a	N	0	0000	180	15.8	0.07	0.17	1.75	9168	180	n/a	56	180	n/a	120	180	n/a	1092	180	n/a	
543	15009283	n/a	0	0	n/a	N	0	1000	2572	1352	11.1	258	1283	58112	2572	n/a	640	2476	n/a	15060	2572	n/a	65532	2572	n/a	
544	15009287	n/a	0	0	n/a	N	0	1000	2112	1138	5.35	153	754	59280	2112	n/a	440	2064	n/a	16076	2112	n/a	65532	2112	n/a	
545	15009288	n/a	0	0	n/a	N	0	1000	2308	1202	4.56	91.2	545	61356	2308	n/a	300	2256	n/a	6032	2284	n/a	34436	2308	n/a	
546	15009470	n/a	0	0	n/a	N	0	0000	3644	1726	15.8	416	1681	59288	3644	n/a	844	2696	n/a	21792	2768	n/a	65532	3644	n/a	
547	15009471	n/a	0	0	n/a	N	0	1000	1712	862	4.27	91.4	445	59088	1712	n/a	372	1572	n/a	8024	1712	n/a	38392	1712	n/a	
548	15010252	n/a	0	0	n/a	N	0	1000	2512	1590	18.4	432	1535	65532	2512	n/a	1168	2448	n/a	27528	2512	n/a	65532	2512	n/a	
549	15010701	n/a	0	0	n/a	N	0	1000	2288	1179	6.77	220	1231	53840	2288	n/a	408	2248	n/a	14776	2288	n/a	65532	2288	n/a	
550	15012044	n/a	0	0	n/a	N	0	1000	1916	828	2.00	34.6	324	44328	1916	n/a	340	1892	n/a	3052	1916	n/a	25008	1916	n/a	
551	15012348	n/a	0	0	n/a	N	0	1000	2200	1351	2.78	72.8	726	63924	2200	n/a	180	2136	n/a	4696	2188	n/a	40488	2200	n/a	
552	15012437	n/a	0	0	n/a	N	0	1000	2036	1065	3.22	64.3	466	60640	2036	n/a	236	1932	n/a	4500	1976	n/a	32956	2036	n/a	
553	15013415	n/a	0	0	n/a	N	0	0000	304	28.8	0.35	0.48	0.26	10144	304	n/a	152	304	n/a	220	304	n/a	176	252	n/a	
554	15013726	n/a	0	0	n/a	N	0	1000	2316	1149	10.9	240	827	55184	2316	n/a	744	2300	n/a	14896	2316	n/a	44220	2316	n/a	
555	15013808	n/a	0	0	n/a	N	0	1000	2040	1148	5.92	149	790	65532	2040	n/a	408	1968	n/a	10952	2040	n/a	55360	2040	n/a	
556	15014249	n/a	0	0	n/a	N	0	1000	1716	743	1.48	58.0	465	45116	1716	n/a	192	1672	n/a	5412	1680	n/a	37624	1716	n/a	
557	15014456	n/a	0	0	n/a	N	0	0000	80	4.01	0.03	0.02	0.02	4420	80	n/a	48	80	n/a	40	72	n/a	120	32	n/a	
558	15014500	n/a	0	0	n/a	N	0	0000	140	9.37	0.09	0.15	0.87	6644	140	n/a	76	140	n/a	124	140	n/a	736	140	n/a	
559	15014755	n/a	0	0	n/a	N	0	1000	2224	965	1.90	66.8	509	43192	2224	n/a	140	2164	n/a	4128	2220	n/a	26172	2224	n/a	
560	15014812	n/a	0	0	n/a	N	0	1000	2408	1340	12.9	367	1154	65532	2408	n/a	832	2112	n/a	23816	2284	n/a	64388	2408	n/a	
561	15014938	n/a	0	0	n/a	N	0	1000	2268	1369	12.4	319	1400	65532	2268	n/a	780	2208	n/a	21152	2260	n/a	65532	2268	n/a	
562	15015013	n/a	0	0	n/a	N	0	1000	2312	1390	13.3	241	1274	60564	2312	n/a	912	2252	n/a	15024	2312	n/a	65532	2312	n/a	
563	15015224	n/a	0	0	n/a	N	0	1000	2072	1013	14.4	332	1290	54804	2072	n/a	1084	1992	n/a	24460	2072	n/a	65532	2072	n/a	
564	15015299	n/a	0	0	n/a	N	0	1000	2060	1117	11.9	217	1052	57656	2060	n/a	880	2020	n/a	15752	2060	n/a	65532	2060	n/a	
565	15015369	n/a	0	0	n/a	N	0	1000	2084	1127	9.58	197	1096	57032	2084	n/a	588	2044	n/a	12316	2084	n/a	62052	2084	n/a	
566	15015376	n/a	0	0	n/a	N	0	1000	1956	1105	11.1	214	1077	65532	1956	n/a	848	1900	n/a	16128	1956	n/a	65532	1956	n/a	
567	15015377	n/a	0	0	n/a	N	0	1000	1648	843	8.39	134	726	56808	1648	n/a	684	1592	n/a	11384	1628	n/a	58468	1648	n/a	
568	15015479	n/a	0	0	n/a	N	0	1000	1872	1051	8.04	209	1091	61628	1872	n/a	712	1832	n/a	15104	1872	n/a	65532	1872	n/a	
569	15015543	n/a	0	0	n/a	N	0	1000	1784	778	8.89	167	515	46348	1784	n/a	668	1744	n/a	15016	1784	n/a	42472	1784	n/a	
570	15015608	n/a	0	0	n/a	N	0	1000	2188	1232	13.8	352	1260	65532	2188	n/a	928	2128	n/a	23612	2188	n/a	65532	2188	n/a	
571	15015611	n/a	0	0	n/a	N	0	1000	2148	1311	16.4	346	1086	65532	2148	n/a	1052	2040	n/a	26020	2148	n/a	65532	2148	n/a	
572	15015614	n/a	0	0	n/a	N	0	1000	2028	1174	14.7	239	1140	65532	2028	n/a	900	1968	n/a	15144	2028	n/a	65532	2028	n/a	
573	15015615	n/a	0	0	n/a	N	0	0000	236	12.5	0.04	0.01	0.01	5088	236	n/a	36	184	n/a	24	44	n/a	68	36	n/a	
574	15015618	n/a	0	0	n/a	N	0	0000	7924	2610	16.4	408	1881	65532	7924	n/a	1048	4944	n/a	20668	4760	n/a	65532	5380	n/a	
575	15015618	n/a	0	0	n/a	N	0	0010	988	89.0	0.16	0.00	0.02	11824	988	n/a	52	728	n/a	8	4	n/a	52	32	n/a	
576	15015619	n/a	0	0	n/a	N	0	1000	2536	1316	18.2	310	1208	58508	2536	n/a	916	2448	n/a	15064	2536	n/a	54032	2536	n/a	
577	15015620	n/a	0	0	n/a	N	0	1000	2384	1050	7.26	170	504	58508	2384	n/a	704	1592	n/a	12636	2048	n/a	34020	2324	n/a	
578	15015623	n/a	0	0	n/a	N	0	1000	2044	1100	7.16	208	1161	56308	2044	n/a	508	1988	n/a	13744	2044	n/a	65532	2044	n/a	
579	15015626	n/a	0	0	n/a	N	0	0000	884	51.8	0.33	0.51	0.76	5928	884	n/a	72	868	n/a	96	884	n/a	264	772	n/a	
580	15015627	n/a	0	0	n/a	N	0	1000	2340	1441	15.4	409	1546	65412	2340	n/a	980	2264	n/a	24320	2340	n/a	65532	2340	n/a	
581	15015628	n/a	0	0	n/a	N	0	0000	3084	390	0.24	1.62	6.97	26584	3084	n/a	60	1172	n/a	636	1168	n/a	2380	1368	n/a	
582	15015628	n/a	0	0	n/a	N	0	1000	2316	1413	10.1	333	1193	65532	2316	n/a	728	2216	n/a	21100	2248	n/a	65532	2308	n/a	
583	15015631	n/a	0	0	n/a	N	0	1000	1656	869	7.41	141	583	57020	1656	n/a	664	1580	n/a	11160	1656	n/a	44888	1656	n/a	
584	15015631	n/a	0	0	n/a	N	0	0000	120	6.57	0.00	0.09	0.81	4996	120	n/a	16	24	n/a	120	100	n/a	824	120	n/a	
585	15015633	n/a	0	0	n/a	N	0	1000	1824	920	21.0	411	1016	62228	1824	n/a	1824	1696	n/a	33052	1824	n/a	65532	1824	n/a	
586	15015633	n/a	0	0	n/a	N	0	0000	124	7.76	0.03	0.38	0.85	6176	124	n/a	80	76	n/a	476	108	n/a	900	124	n/a	
587	15015649	n/a	0	0	n/a	N	0	1000	1828	859	17.6	451	741	48540	1828	n/a	1208	1804	n/a	28596	1828	n/a	45368	1828	n/a	
588	15015656	n/a	0	0	n/a	N	0	1000	2296	1259	18.0	415	1449	54700	2296	n/a	1108	2236	n/a	25900	2296	n/a	65532	2296	n/a	
589	15015657	n/a	0	0	n/a	N	0	1000	2152	1064	12.5	230	1048	52872	2152	n/a	888	2080	n/a	15056	2152	n/a	58628	2152	n/a	
590	15015659	n/a	0	0	n/a	N	0	1000	2192	1239	8.21	83.4	367	57488	2192	n/a	584	2108	n/a	4840	2192	n/a	20740	2192	n/a	
591	15015660	n/a	0	0	n/a	N	0	1000	2148	1000	6.59	218	994	54856	2148	n/a	716	1552	n/a	19840	1940	n/a	65532	2124	n/a	
592	15015660	n/a	0	0	n/a	N	0	1000	2024	1056	27.6	459	1186	54720	2024	n/a	2292	1944	n/a	33372	2004	n/a	65532	2024	n/a	
593	15015661	n/a	0	0	n/a	N	0	1000	2308	1277	28.4	508	1486	62272	2308	n/a	2896	2084	n/a	34180	2220	n/a	65532	2308	n/a	
594	15015662	n/a	0	0	n/a	N	0	1000	2240	1264	6.76	177	948	58988	2240	n/a	400	2132	n/a	10252	2240	n/a	46784	2240	n/a	
595	15015663	n/a	0	0	n/a	N	0	1000	1548	739	5.77	122	715	57796	1548	n/a	604	1356	n/a	12088	1544	n/a	64124	1548	n/a	
596	15015667	n/a	0	0	n/a	N	0	0000	2272	706	13.7	245	938	40220	2272	n/a	1364	1848	n/a	19516	2084	n/a	65532	2268	n/a	
597	15015676	n/a	0	0	n/a	N	0	0000	220	10.1	0.07	0.23	3.41	3900	220	n/a	60	200	n/a	120	220	n/a	1504	220	n/a	
598	15015678	n/a	0	0	n/a	N	0	0000	112	5.90	0.05	0.09	0.29	4808	112	n/a	60	112	n/a	96	112	n/a	320	112	n/a	
599	15015679	n/a	0	0	n/a	N	0	1000	2072	919	9.34	186	1013	47560	2072	n/a	700	2012	n/a	13016	2072	n/a	62176	2072	n/a	
600	15015687	n/a	0	0	n/a	N	0	1000	1836	744	28.4	407	618	45288	1836	n/a	2980	1756	n/a	36428	1836	n/a	44064	1836	n/a	
601	15015701	n/a	0	0	n/a	N	0	1000	1928	918	7.87	162	676	53412	1928	n/a	604	1884	n/a	10660	1928	n/a	37184	1928	n/a	
602	15015738	n/a	0	0	n/a	N	0	1000	1852	903	1.79	55.2	328	65532	1852	n/a	168	1812	n/a	6128	1852	n/a	33440	1852	n/a	
603	15015740	n/a	0	0	n/a	N	0	1000	2592	1564	24.1	407	1260	65532	2592	n/a	2240	2156	n/a	39036	2528	n/a	65532	2592	n/a	
604	15015741	n/a	0	0	n/a	N	0	0000	68	2.99	0.00	0.00	0.17	3680	68	n/a	0	0	n/a	0	0	n/a	292	68	n/a	
605	15015741	n/a	0	0	n/a	N	0	1000	1624	785	3.39	85.0	464	49816	1624	n/a	536	1516	n/a	8192	1600	n/a	40888	1624	n/a	
606	15015744	n/a	0	0	n/a	N	0	1000	2000	1309	9.95	213	1075	65532	2000	n/a	772	1872	n/a	15440	1988	n/a	65532	2000	n/a	
607	15015747	n/a	0	0	n/a	N	0	1000	2072	1110	4.74	159	1018	62668	2072	n/a	356	1904	n/a	12180	2044	n/a	65532	2072	n/a	
608	15015750	n/a	0	0	n/a	N	0	1000	2340	1374	7.55	158	1014	65532	2340	n/a	544	2280	n/a	10464	2316	n/a	60556	2340	n/a	
609	15015820	n/a	0	0	n/a	N	0	1000	2708	1561	14.6	363	1576	63708	2708	n/a	796	2628	n/a	19072	2708	n/a	65532	2708	n/a	
610	15015933	n/a	0	0	n/a	N	0	0000	208	19.3	0.17	1.37	7.86	9696	208	n/a	100	208	n/a	788	208	n/a	4408	208	n/a	
611	15015934	n/a	0	0	n/a	N	0	1000	1816	980	11.5	330	1103	61492	1816	n/a	964	1752	n/a	24584	1816	n/a	65532	1816	n/a	
612	15015939	n/a	0	0	n/a	N	0	0000	6040	3223	29.7	720	2508	65532	6040	n/a	1304	5348	n/a	29132	5980	n/a	65532	6040	n/a	
613	15015982	n/a	0	0	n/a	N	0	0000	184	13.8	0.19	1.60	7.81	7700	184	n/a	124	184	n/a	992	184	n/a	4780	184	n/a	
614	15015991	n/a	0	0	n/a	N	0	1000	1636	1065	8.58	205	1088	65532	1636	n/a	688	1568	n/a	17812	1636	n/a	65532	1636	n/a	
615	15016280	n/a	0	0	n/a	N	0	1000	2244	1364	7.19	157	757	65532	2244	n/a	540	2192	n/a	11028	2232	n/a	50588	2244	n/a	
616	15016405	n/a	0	0	n/a	N	0	0000	112	7.13	0.08	0.84	3.63	6084	112	n/a	92	112	n/a	772	112	n/a	3288	112	n/a	
617	15016441	n/a	0	0	n/a	N	0	1000	2000	1075	11.3	203	1024	57704	2000	n/a	756	1908	n/a	14240	2000	n/a	65532	2000	n/a	
618	15016442	n/a	0	0	n/a	N	0	1000	1924	1042	16.9	324	1198	59040	1924	n/a	1440	1848	n/a	22768	1924	n/a	65532	1924	n/a	
619	15016487	n/a	0	0	n/a	N	0	1000	2164	1239	7.69	154	999	58828	2164	n/a	516	2092	n/a	9628	2164	n/a	59892	2164	n/a	
620	15016491	n/a	0	0	n/a	N	0	0000	1160	322	3.24	43.6	275	36460	1160	n/a	428	1120	n/a	5436	1160	n/a	32148	1160	n/a	
621	15016493	n/a	0	0	n/a	N	0	0000	3364	1447	10.8	239	1259	58804	3364	n/a	600	3216	n/a	15112	3336	n/a	65532	3364	n/a	
622	15016938	n/a	0	0	n/a	N	0	1000	2296	1285	9.27	304	1167	65532	2296	n/a	704	1968	n/a	23680	2012	n/a	65532	2296	n/a	
623	15017053	n/a	0	0	n/a	N	0	1000	2148	1124	5.83	171	688	65532	2148	n/a	696	1804	n/a	18048	2032	n/a	62064	2148	n/a	
624	15017089	n/a	0	0	n/a	N	0	1000	1880	1114	4.88	118	748	65532	1880	n/a	412	1836	n/a	10348	1880	n/a	57552	1880	n/a	
625	15017158	n/a	0	0	n/a	N	0	1000	2228	1362	22.8	389	1397	64764	2228	n/a	1668	2164	n/a	25228	2228	n/a	65532	2228	n/a	
626	15017171	n/a	0	0	n/a	N	0	1000	2308	1505	16.0	357	1529	65532	2308	n/a	988	2236	n/a	20124	2308	n/a	65532	2308	n/a	
627	15017174	n/a	0	0	n/a	N	0	0000	3080	1328	14.8	242	1167	61048	3080	n/a	1088	3056	n/a	16316	3080	n/a	65532	3080	n/a	
628	15017179	n/a	0	0	n/a	N	0	1000	2244	1345	7.47	184	982	65532	2244	n/a	492	2128	n/a	12444	2200	n/a	64184	2244	n/a	
629	15017186	n/a	0	0	n/a	N	0	0000	408	32.8	0.17	0.14	0.10	8276	408	n/a	72	400	n/a	60	392	n/a	168	172	n/a	
630	15017206	n/a	0	0	n/a	N	0	1000	2364	1533	10.8	273	1242	65532	2364	n/a	736	2268	n/a	17732	2360	n/a	65532	2364	n/a	
631	15017210	n/a	0	0	n/a	N	0	1000	2068	1215	6.58	95.8	519	65532	2068	n/a	432	1932	n/a	7072	2028	n/a	35668	2068	n/a	
632	15017211	n/a	0	0	n/a	N	0	1001	1588	1136	5.18	68.5	518	65532	1588	n/a	420	1516	n/a	5624	1572	n/a	40796	1588	n/a	
633	15017213	n/a	0	0	n/a	N	0	1000	1376	847	10.8	159	702	65532	1376	n/a	1328	1276	n/a	17612	1364	n/a	65532	1376	n/a	
634	15017321	n/a	0	0	n/a	N	0	1000	2500	1427	5.60	191	955	61604	2500	n/a	340	2424	n/a	10832	2460	n/a	49208	2500	n/a	
635	15017366	n/a	0	0	n/a	N	0	0000	2936	1193	7.09	136	801	47196	2936	n/a	484	2548	n/a	9364	2672	n/a	46992	2932	n/a	
636	15017366	n/a	0	0	n/a	N	0	0000	300	15.9	0.00	0.43	1.79	4628	300	n/a	8	24	n/a	420	212	n/a	1248	300	n/a	
637	15017707	n/a	0	0	n/a	N	0	1000	2140	971	6.99	181	904	54580	2140	n/a	468	2016	n/a	13444	2136	n/a	62908	2140	n/a	
638	15017718	n/a	0	0	n/a	N	0	1000	2296	1445	16.9	233	935	65532	2296	n/a	1096	2252	n/a	14132	2296	n/a	49408	2296	n/a	
639	15017722	n/a	0	0	n/a	N	0	1000	2148	1195	13.3	297	1016	57820	2148	n/a	904	1980	n/a	19792	2148	n/a	58824	2148	n/a	
640	15017725	n/a	0	0	n/a	N	0	0000	3220	1287	7.73	213	1065	55488	3220	n/a	496	2152	n/a	13028	2260	n/a	58136	2820	n/a	
641	15017726	n/a	0	0	n/a	N	0	1000	2192	1282	11.7	324	1364	63396	2192	n/a	720	2124	n/a	21296	2192	n/a	65532	2192	n/a	
642	15017727	n/a	0	0	n/a	N	0	1000	2008	1140	15.2	289	1103	64072	2008	n/a	1164	1936	n/a	20568	2008	n/a	65532	2008	n/a	
643	15017937	n/a	0	0	n/a	N	0	1000	2340	1379	13.4	444	1472	62648	2340	n/a	824	2280	n/a	27996	2340	n/a	65532	2340	n/a	
644	15017989	n/a	0	0	n/a	N	0	1000	2744	1695	10.2	347	1340	65052	2744	n/a	584	2684	n/a	20180	2744	n/a	65532	2744	n/a	
645	15018149	n/a	0	0	n/a	N	0	1000	2328	1295	5.89	129	849	63200	2328	n/a	344	2232	n/a	8272	2320	n/a	47412	2328	n/a	
646	15018201	n/a	0	0	n/a	N	0	1000	2416	1262	15.7	316	1348	62488	2416	n/a	972	2220	n/a	19188	2340	n/a	65532	2416	n/a	
647	15018203	n/a	0	0	n/a	N	0	0000	112	5.66	0.04	0.06	0.29	4416	112	n/a	56	100	n/a	68	112	n/a	300	112	n/a	
648	15018267	n/a	0	0	n/a	N	0	0000	80	4.40	0.04	0.27	1.70	5028	80	n/a	76	80	n/a	368	80	n/a	2108	80	n/a	
649	15018281	n/a	0	0	n/a	N	0	1000	1952	1010	29.5	510	1074	58240	1952	n/a	2412	1884	n/a	37256	1952	n/a	65532	1952	n/a	
650	15018282	n/a	0	0	n/a	N	0	0000	100	4.83	0.03	0.02	0.16	4152	100	n/a	52	96	n/a	44	80	n/a	328	92	n/a	
651	15018287	n/a	0	0	n/a	N	0	1000	1876	902	8.60	282	929	51192	1876	n/a	664	1792	n/a	23600	1876	n/a	65532	1876	n/a	
652	15018308	n/a	0	0	n/a	N	0	1000	1904	1146	21.5	418	1301	65088	1904	n/a	1468	1852	n/a	28936	1904	n/a	65532	1904	n/a	
653	15018309	n/a	0	0	n/a	N	0	0000	1612	495	13.2	97.3	232	39972	1612	n/a	2112	1552	n/a	14696	1612	n/a	26856	1612	n/a	
654	15018310	n/a	0	0	n/a	N	0	1000	2316	1548	18.4	364	1491	65532	2316	n/a	1040	2208	n/a	22196	2308	n/a	65532	2316	n/a	
655	15018354	n/a	0	0	n/a	N	0	0000	120	5.80	0.04	0.04	0.23	4168	120	n/a	48	104	n/a	60	120	n/a	308	120	n/a	
656	15018377	n/a	0	0	n/a	N	0	1000	2160	905	6.96	158	868	49940	2160	n/a	584	2132	n/a	12032	2160	n/a	65532	2160	n/a	
657	15018378	n/a	0	0	n/a	N	0	0000	1452	467	0.41	1.72	45.9	32660	1452	n/a	60	1336	n/a	192	1340	n/a	4324	1448	n/a	
658	15018834	n/a	0	0	n/a	N	0	0000	21980	14286	179	3603	11700	65532	21980	n/a	1560	16948	n/a	23268	21092	n/a	65532	21980	n/a	

Integrated system. Data recorded by another application. 
FlowCell: 250 micron
Scan Rate: 2500K
Trigger source: Extinction
Signal threshold: 500
Minimum time of flight: 60
Signal gains:
	Extinction: 1.0
	Green: 1.0
	Yellow: 1.0
	Red: 1.0
Extinction detector power: 
0.47
PMT voltage:
	Green: 500
	Yellow: 600
	Red: 700
Pressure:
0.000;5.940;2.500
Drop width: 5.0
Sort delay: 10.0
Lasers:
Sapphire488	power = 50
Sapphire561	power = 50

R2 (TOF;Extinction): 893,160; 922,16; 1416,64; 1350,232;
R4 (TOF;Extinction): 774,1472; 929,520; 2258,712; 2841,1432; 2686,2008; 1697,1896;
R1 (TOF;Extinction): 1129,952; 1166,800; 1594,1088; 1749,1192; 1756,1344; 1579,1352;
Sort gate:
 Individual gates for each well
Stored data gate:
None
Partial profiles:  None
Data stored: RAW (not compensated)
