Id	Time	Plate	Row	Column	Source well	Clog	Sorted status	In Regions	TOF	Extinction	Green	Yellow	Red	PH Extinction	PW Extinction	PC Extinction	PH Green	PW Green	PC Green	PH Yellow	PW Yellow	PC Yellow	PH Red	PW Red	PC Red	
1	12073436	n/a	0	0	n/a	N	0	000000	172	14.3	0.02	0.03	0.15	8632	172	n/a	32	116	n/a	40	124	n/a	152	156	n/a	
2	12074869	n/a	0	0	n/a	N	0	000000	124	8.38	0.03	0.05	0.07	6580	124	n/a	52	96	n/a	48	124	n/a	120	88	n/a	
3	12085395	n/a	0	0	n/a	N	0	000000	332	36.4	0.05	0.09	0.34	12268	332	n/a	36	252	n/a	52	296	n/a	232	304	n/a	
4	12091799	n/a	0	0	n/a	N	0	000000	256	29.8	0.06	0.08	0.03	12916	256	n/a	56	220	n/a	64	236	n/a	104	76	n/a	
5	12094523	n/a	0	0	n/a	N	0	000000	268	32.9	0.06	0.07	0.20	13300	268	n/a	48	228	n/a	48	256	n/a	188	220	n/a	
6	12099631	n/a	0	0	n/a	N	0	000000	76	3.46	0.01	0.01	0.02	3828	76	n/a	32	36	n/a	32	56	n/a	120	36	n/a	
7	12100613	n/a	0	0	n/a	N	0	000000	60	3.14	0.01	0.02	0.01	4628	60	n/a	32	48	n/a	52	52	n/a	60	20	n/a	
8	12101080	n/a	0	0	n/a	N	0	000000	96	4.84	0.02	0.03	0.12	4456	96	n/a	40	80	n/a	52	88	n/a	196	96	n/a	
9	12101208	n/a	0	0	n/a	N	0	000000	164	9.00	0.03	0.04	0.12	4996	164	n/a	40	140	n/a	44	148	n/a	128	160	n/a	
10	12101881	n/a	0	0	n/a	N	0	000000	104	4.95	0.02	0.03	0.05	4072	104	n/a	40	92	n/a	48	96	n/a	140	52	n/a	
11	12105367	n/a	0	0	n/a	N	0	000000	208	16.6	0.06	0.08	0.22	8028	208	n/a	56	188	n/a	52	204	n/a	160	208	n/a	
12	12111414	n/a	0	0	n/a	N	0	000000	240	15.7	0.05	0.08	0.27	6212	240	n/a	52	180	n/a	60	212	n/a	236	232	n/a	
13	12111419	n/a	0	0	n/a	N	0	000000	376	40.3	0.07	0.09	0.04	11336	376	n/a	40	296	n/a	52	320	n/a	128	132	n/a	
14	12111550	n/a	0	0	n/a	N	0	000000	984	307	0.16	16.1	119	33312	984	n/a	48	724	n/a	2236	984	n/a	15388	984	n/a	
15	12111734	n/a	0	0	n/a	N	0	100000	872	322	0.19	36.3	148	39472	872	n/a	56	776	n/a	4752	872	n/a	19168	872	n/a	
16	12111763	n/a	0	0	n/a	N	0	110000	1092	520	0.24	49.6	186	56732	1092	n/a	60	928	n/a	6296	1092	n/a	20228	1092	n/a	
17	12111811	n/a	0	0	n/a	N	0	111000	1000	534	0.22	62.1	285	65532	1000	n/a	64	800	n/a	9248	1000	n/a	42776	1000	n/a	
18	12111837	n/a	0	0	n/a	N	0	100000	708	323	0.17	77.6	225	51948	708	n/a	48	644	n/a	14072	708	n/a	36648	708	n/a	
19	12111844	n/a	0	0	n/a	N	0	111000	1116	612	0.26	52.3	268	59740	1116	n/a	64	984	n/a	6760	1116	n/a	32372	1116	n/a	
20	12111907	n/a	0	0	n/a	N	0	100000	692	353	0.13	4.14	46.4	58092	692	n/a	64	524	n/a	848	660	n/a	9504	688	n/a	
21	12111958	n/a	0	0	n/a	N	0	000000	776	275	0.15	0.98	30.3	39212	776	n/a	48	660	n/a	184	772	n/a	4812	776	n/a	
22	12113553	n/a	0	0	n/a	N	0	000000	1036	218	0.22	26.8	117	26056	1036	n/a	56	872	n/a	4152	1036	n/a	18160	1036	n/a	
23	12113587	n/a	0	0	n/a	N	0	000000	124	6.35	0.02	0.16	0.71	4528	124	n/a	36	104	n/a	136	124	n/a	676	124	n/a	
24	12114528	n/a	0	0	n/a	N	0	000000	1052	235	0.18	31.3	58.6	25808	1052	n/a	52	796	n/a	3784	1052	n/a	7416	1052	n/a	
25	12115016	n/a	0	0	n/a	N	0	000000	176	10.4	0.05	0.12	0.21	5572	176	n/a	60	156	n/a	84	176	n/a	208	176	n/a	
26	12115225	n/a	0	0	n/a	N	0	000000	88	4.60	0.01	0.03	0.04	4648	88	n/a	40	64	n/a	56	84	n/a	148	52	n/a	
27	12115290	n/a	0	0	n/a	N	0	000000	76	3.80	0.01	0.18	1.07	4408	76	n/a	32	56	n/a	228	76	n/a	1332	76	n/a	
28	12115336	n/a	0	0	n/a	N	0	000000	140	10.9	0.03	0.04	0.04	8020	140	n/a	48	120	n/a	40	136	n/a	96	84	n/a	
29	12115361	n/a	0	0	n/a	N	0	000000	84	4.70	0.02	0.10	0.45	5164	84	n/a	36	68	n/a	136	84	n/a	564	84	n/a	
30	12115388	n/a	0	0	n/a	N	0	000000	76	4.11	0.01	0.19	1.11	4904	76	n/a	32	60	n/a	244	76	n/a	1376	76	n/a	
31	12115392	n/a	0	0	n/a	N	0	000000	236	15.7	0.05	0.14	0.31	6564	236	n/a	44	196	n/a	84	236	n/a	184	232	n/a	
32	12115640	n/a	0	0	n/a	N	0	000000	368	36.0	0.07	0.66	6.03	10108	368	n/a	52	280	n/a	216	368	n/a	1920	368	n/a	
33	12115663	n/a	0	0	n/a	N	0	100000	1592	536	0.30	35.5	253	32592	1592	n/a	56	1280	n/a	3032	1592	n/a	19628	1592	n/a	
34	12115705	n/a	0	0	n/a	N	0	100000	1252	489	0.23	2.19	42.4	40692	1252	n/a	60	852	n/a	260	1236	n/a	4656	1252	n/a	
35	12115706	n/a	0	0	n/a	N	0	100000	1556	507	0.44	306	708	42656	1556	n/a	80	1392	n/a	32584	1556	n/a	65532	1556	n/a	
36	12115801	n/a	0	0	n/a	N	0	000000	76	4.15	0.02	0.19	0.89	4956	76	n/a	36	64	n/a	236	76	n/a	1096	76	n/a	
37	12115927	n/a	0	0	n/a	N	0	000000	132	9.69	0.02	0.05	0.05	7376	132	n/a	28	88	n/a	68	128	n/a	168	72	n/a	
38	12115962	n/a	0	0	n/a	N	0	000000	144	10.7	0.01	0.85	4.37	7604	144	n/a	44	84	n/a	656	144	n/a	3224	144	n/a	
39	12116384	n/a	0	0	n/a	N	0	000000	92	5.24	0.01	0.30	1.79	5300	92	n/a	28	68	n/a	324	92	n/a	1928	92	n/a	
40	12116558	n/a	0	0	n/a	N	0	000000	228	15.7	0.02	0.06	0.03	6684	228	n/a	32	140	n/a	52	204	n/a	96	80	n/a	
41	12116578	n/a	0	0	n/a	N	0	000000	68	3.36	0.01	0.03	0.06	4336	68	n/a	32	44	n/a	64	68	n/a	100	68	n/a	
42	12116724	n/a	0	0	n/a	N	0	100000	1616	574	0.37	84.1	270	36792	1616	n/a	52	1344	n/a	5892	1608	n/a	24448	1616	n/a	
43	12116960	n/a	0	0	n/a	N	0	110000	1368	560	0.29	1.63	53.2	42760	1368	n/a	60	1080	n/a	188	1364	n/a	4684	1368	n/a	
44	12117173	n/a	0	0	n/a	N	0	000000	80	4.34	0.02	0.17	1.19	4956	80	n/a	44	76	n/a	212	80	n/a	1468	80	n/a	
45	12117297	n/a	0	0	n/a	N	0	000000	96	5.70	0.01	0.44	3.58	5596	96	n/a	28	72	n/a	472	96	n/a	3744	96	n/a	
46	12117412	n/a	0	0	n/a	N	0	000000	88	4.70	0.01	0.37	1.83	4900	88	n/a	40	64	n/a	416	88	n/a	2048	88	n/a	
47	12117530	n/a	0	0	n/a	N	0	000000	168	13.5	0.03	3.39	8.82	8328	168	n/a	40	124	n/a	2136	168	n/a	5628	168	n/a	
48	12117568	n/a	0	0	n/a	N	0	000000	412	63.4	0.08	0.51	1.69	17528	412	n/a	40	336	n/a	176	412	n/a	680	404	n/a	
49	12117593	n/a	0	0	n/a	N	0	000000	120	5.76	0.03	0.04	0.15	4132	120	n/a	40	108	n/a	56	116	n/a	204	120	n/a	
50	12117651	n/a	0	0	n/a	N	0	000000	3752	823	0.77	113	756	22296	3752	n/a	60	3000	n/a	2836	3740	n/a	19936	3752	n/a	
51	12117654	n/a	0	0	n/a	N	0	000000	184	14.7	0.05	0.16	1.04	8924	184	n/a	52	168	n/a	104	184	n/a	764	184	n/a	
52	12117655	n/a	0	0	n/a	N	0	111000	1384	901	0.26	30.7	248	65532	1384	n/a	68	1064	n/a	3216	1344	n/a	23644	1384	n/a	
53	12117674	n/a	0	0	n/a	N	0	000000	184	17.1	0.04	0.05	0.15	10416	184	n/a	44	160	n/a	48	168	n/a	256	136	n/a	
54	12117892	n/a	0	0	n/a	N	0	000000	92	5.14	0.02	0.05	0.31	5140	92	n/a	48	64	n/a	72	92	n/a	388	92	n/a	
55	12117981	n/a	0	0	n/a	N	0	000000	68	3.32	0.02	0.44	1.38	4280	68	n/a	60	64	n/a	568	68	n/a	1816	68	n/a	
56	12117996	n/a	0	0	n/a	N	0	000000	1096	325	0.23	17.0	185	31008	1096	n/a	48	908	n/a	2056	1096	n/a	21828	1096	n/a	
57	12118013	n/a	0	0	n/a	N	0	000000	3680	2506	0.79	269	1142	65532	3680	n/a	64	3092	n/a	11952	3668	n/a	45884	3680	n/a	
58	12118014	n/a	0	0	n/a	N	0	111000	1824	979	0.40	99.2	705	65532	1824	n/a	52	1596	n/a	8956	1824	n/a	61032	1824	n/a	
59	12118015	n/a	0	0	n/a	N	0	111000	1828	898	0.38	29.3	253	53176	1828	n/a	56	1524	n/a	2568	1772	n/a	20844	1828	n/a	
60	12118016	n/a	0	0	n/a	N	0	111000	1660	757	0.36	39.5	192	47960	1660	n/a	52	1388	n/a	3364	1624	n/a	15456	1660	n/a	
61	12118019	n/a	0	0	n/a	N	0	000000	10304	4451	2.21	375	1316	63132	10304	n/a	64	8536	n/a	7372	10264	n/a	30976	10220	n/a	
62	12118026	n/a	0	0	n/a	N	0	000000	11660	8434	2.43	1276	5122	65532	11660	n/a	72	9412	n/a	21176	11540	n/a	65532	11612	n/a	
63	12118037	n/a	0	0	n/a	N	0	000000	3324	2157	0.65	143	862	65532	3324	n/a	60	2712	n/a	9104	3280	n/a	38476	3324	n/a	
64	12118038	n/a	0	0	n/a	N	0	111000	1724	786	0.37	14.8	136	48216	1724	n/a	60	1480	n/a	1236	1656	n/a	10816	1716	n/a	
65	12118040	n/a	0	0	n/a	N	0	000000	3576	1984	0.76	216	957	65532	3576	n/a	60	3024	n/a	9144	3536	n/a	37492	3576	n/a	
66	12118042	n/a	0	0	n/a	N	0	101000	2604	1315	0.50	70.7	560	65532	2604	n/a	56	2068	n/a	3372	2588	n/a	23632	2604	n/a	
67	12118046	n/a	0	0	n/a	N	0	000000	3904	2408	0.83	210	889	65532	3904	n/a	60	3324	n/a	12696	3812	n/a	39800	3900	n/a	
68	12118052	n/a	0	0	n/a	N	0	100000	1564	561	0.31	8.44	87.0	35028	1564	n/a	52	1304	n/a	648	1524	n/a	7072	1564	n/a	
69	12118053	n/a	0	0	n/a	N	0	100000	1708	587	0.38	10.4	110	36116	1708	n/a	52	1444	n/a	752	1704	n/a	8100	1708	n/a	
70	12118054	n/a	0	0	n/a	N	0	111000	1420	715	0.31	36.1	257	55912	1420	n/a	56	1168	n/a	3752	1404	n/a	25788	1420	n/a	
71	12118055	n/a	0	0	n/a	N	0	101000	2720	1704	0.58	170	1000	65532	2720	n/a	60	2252	n/a	9328	2648	n/a	58996	2716	n/a	
72	12118059	n/a	0	0	n/a	N	0	100000	1596	489	0.35	2.27	12.2	33276	1596	n/a	60	1312	n/a	236	1560	n/a	1188	1584	n/a	
73	12118059	n/a	0	0	n/a	N	0	100000	1664	571	0.38	37.8	311	37228	1664	n/a	56	1420	n/a	3008	1664	n/a	23708	1664	n/a	
74	12118068	n/a	0	0	n/a	N	0	101000	2472	1087	0.50	128	598	54260	2472	n/a	52	2016	n/a	7596	2472	n/a	34668	2472	n/a	
75	12118070	n/a	0	0	n/a	N	0	000000	5352	2320	1.16	194	1189	59360	5352	n/a	60	4388	n/a	10196	5228	n/a	52708	5328	n/a	
76	12118099	n/a	0	0	n/a	N	0	111000	1584	957	0.31	35.5	332	65532	1584	n/a	56	1316	n/a	3800	1552	n/a	35060	1584	n/a	
77	12118099	n/a	0	0	n/a	N	0	111000	1004	534	0.22	11.1	133	65532	1004	n/a	56	888	n/a	1708	992	n/a	19216	1004	n/a	
78	12118114	n/a	0	0	n/a	N	0	000000	76	4.07	0.01	0.11	0.79	4816	76	n/a	24	44	n/a	136	76	n/a	992	76	n/a	
79	12118128	n/a	0	0	n/a	N	0	111000	1552	612	0.29	69.0	271	39076	1552	n/a	56	1252	n/a	5872	1552	n/a	20560	1552	n/a	
80	12118133	n/a	0	0	n/a	N	0	111000	1212	608	0.27	51.6	269	54940	1212	n/a	60	1020	n/a	5100	1212	n/a	24968	1212	n/a	
81	12118223	n/a	0	0	n/a	N	0	111000	2080	855	0.46	87.5	285	44832	2080	n/a	60	1752	n/a	4336	2080	n/a	14920	2080	n/a	
82	12118281	n/a	0	0	n/a	N	0	111000	1968	750	0.45	61.5	329	48400	1968	n/a	56	1692	n/a	5144	1900	n/a	26708	1968	n/a	
83	12118282	n/a	0	0	n/a	N	0	000000	2400	422	0.50	129	336	19304	2400	n/a	60	1980	n/a	5060	2400	n/a	14912	2400	n/a	
84	12118283	n/a	0	0	n/a	N	0	000000	296	18.0	0.04	1.31	3.69	5716	296	n/a	40	212	n/a	460	296	n/a	1328	296	n/a	
85	12118296	n/a	0	0	n/a	N	0	000000	92	4.47	0.00	0.06	0.36	4180	92	n/a	16	32	n/a	92	92	n/a	424	92	n/a	
86	12118327	n/a	0	0	n/a	N	0	000000	76	3.70	0.01	0.31	1.42	4268	76	n/a	28	64	n/a	372	76	n/a	1712	76	n/a	
87	12118339	n/a	0	0	n/a	N	0	000000	6780	1096	1.21	132	901	21128	6780	n/a	60	5168	n/a	4980	6716	n/a	29976	6764	n/a	
88	12118424	n/a	0	0	n/a	N	0	000000	1532	401	0.26	8.46	49.3	27392	1532	n/a	48	1204	n/a	672	1532	n/a	3796	1532	n/a	
89	12118469	n/a	0	0	n/a	N	0	110000	1140	518	0.27	46.5	220	49264	1140	n/a	68	1008	n/a	4624	1140	n/a	21372	1140	n/a	
90	12118469	n/a	0	0	n/a	N	0	111000	1572	662	0.39	66.6	304	47612	1572	n/a	72	1248	n/a	4848	1572	n/a	23052	1572	n/a	
91	12118470	n/a	0	0	n/a	N	0	111000	1436	590	0.34	39.3	211	46656	1436	n/a	60	1252	n/a	3408	1436	n/a	18048	1436	n/a	
92	12118541	n/a	0	0	n/a	N	0	111000	1640	817	0.39	60.8	358	57580	1640	n/a	64	1444	n/a	5728	1624	n/a	29228	1640	n/a	
93	12118569	n/a	0	0	n/a	N	0	111000	1828	958	0.40	42.7	268	60892	1828	n/a	60	1564	n/a	3712	1824	n/a	22404	1828	n/a	
94	12118572	n/a	0	0	n/a	N	0	000000	4152	2131	0.89	87.2	553	59752	4152	n/a	60	3436	n/a	4552	4036	n/a	24320	4120	n/a	
95	12118572	n/a	0	0	n/a	N	0	000000	3332	1708	0.73	112	438	54144	3332	n/a	60	2844	n/a	7744	2784	n/a	23588	3272	n/a	
96	12118573	n/a	0	0	n/a	N	0	111000	1524	781	0.34	16.7	159	56720	1524	n/a	64	1248	n/a	1540	1376	n/a	13836	1504	n/a	
97	12118573	n/a	0	0	n/a	N	0	111000	1604	696	0.36	77.3	248	47320	1604	n/a	56	1332	n/a	6684	1560	n/a	19504	1604	n/a	
98	12118574	n/a	0	0	n/a	N	0	000000	352	24.5	0.06	0.11	4.60	7328	352	n/a	44	260	n/a	104	220	n/a	1608	352	n/a	
99	12118574	n/a	0	0	n/a	N	0	111000	1760	932	0.39	103	934	56748	1760	n/a	56	1468	n/a	8144	1752	n/a	65532	1760	n/a	
100	12118575	n/a	0	0	n/a	N	0	101000	2528	1454	0.56	80.8	587	63996	2528	n/a	64	2148	n/a	5744	2484	n/a	36392	2524	n/a	
101	12118576	n/a	0	0	n/a	N	0	111001	1228	840	0.22	37.9	256	65532	1228	n/a	56	992	n/a	4112	1228	n/a	27200	1228	n/a	
102	12118658	n/a	0	0	n/a	N	0	000000	3000	813	0.64	243	1321	34080	3000	n/a	68	2540	n/a	12208	3000	n/a	65532	3000	n/a	
103	12118701	n/a	0	0	n/a	N	0	111000	2156	1213	0.55	223	939	65532	2156	n/a	64	1908	n/a	13040	2156	n/a	57536	2156	n/a	
104	12118732	n/a	0	0	n/a	N	0	000000	88	5.25	0.01	0.05	0.27	5588	88	n/a	36	60	n/a	68	88	n/a	368	88	n/a	
105	12118975	n/a	0	0	n/a	N	0	000000	64	3.10	0.01	0.04	0.22	4212	64	n/a	28	40	n/a	76	64	n/a	320	64	n/a	
106	12118992	n/a	0	0	n/a	N	0	000000	160	8.18	0.03	0.05	0.14	4672	160	n/a	36	136	n/a	60	148	n/a	180	140	n/a	
107	12119130	n/a	0	0	n/a	N	0	000000	152	11.8	0.02	0.35	1.82	7884	152	n/a	32	112	n/a	256	152	n/a	1356	152	n/a	
108	12119155	n/a	0	0	n/a	N	0	000000	216	10.2	0.04	0.09	0.11	4072	216	n/a	44	164	n/a	72	208	n/a	144	160	n/a	
109	12119257	n/a	0	0	n/a	N	0	111000	1624	717	0.31	37.4	218	53332	1624	n/a	48	1320	n/a	3596	1592	n/a	19728	1624	n/a	
110	12119266	n/a	0	0	n/a	N	0	111000	1716	794	0.38	73.2	234	52856	1716	n/a	64	1436	n/a	5328	1716	n/a	16992	1716	n/a	
111	12119267	n/a	0	0	n/a	N	0	100000	2208	666	0.40	47.1	222	30748	2208	n/a	60	1544	n/a	2220	2208	n/a	10972	2208	n/a	
112	12119269	n/a	0	0	n/a	N	0	111000	1264	598	0.28	32.3	178	52748	1264	n/a	60	1048	n/a	3484	1264	n/a	17272	1264	n/a	
113	12119269	n/a	0	0	n/a	N	0	111000	1312	614	0.27	29.9	245	53640	1312	n/a	60	1116	n/a	3144	1308	n/a	24848	1312	n/a	
114	12119270	n/a	0	0	n/a	N	0	111000	1956	854	0.48	100	329	45728	1956	n/a	60	1792	n/a	6236	1956	n/a	19832	1956	n/a	
115	12119297	n/a	0	0	n/a	N	0	111000	1536	741	0.33	32.6	308	51400	1536	n/a	64	1276	n/a	3056	1536	n/a	28664	1536	n/a	
116	12119299	n/a	0	0	n/a	N	0	111000	1612	776	0.36	23.6	188	49020	1612	n/a	56	1364	n/a	2012	1588	n/a	15580	1612	n/a	
117	12119372	n/a	0	0	n/a	N	0	111000	1580	701	0.35	32.5	248	45080	1580	n/a	60	1300	n/a	2572	1528	n/a	18436	1580	n/a	
118	12119373	n/a	0	0	n/a	N	0	111000	1632	761	0.32	16.3	166	50676	1632	n/a	60	1300	n/a	1048	1632	n/a	11272	1632	n/a	
119	12119504	n/a	0	0	n/a	N	0	111000	1616	773	0.35	51.6	321	49784	1616	n/a	56	1348	n/a	4012	1600	n/a	23592	1616	n/a	
120	12119581	n/a	0	0	n/a	N	0	111000	1436	635	0.31	43.3	173	48440	1436	n/a	60	1196	n/a	3892	1424	n/a	15416	1436	n/a	
121	12119746	n/a	0	0	n/a	N	0	000000	92	4.13	0.01	0.05	0.02	3728	92	n/a	28	48	n/a	56	92	n/a	56	40	n/a	
122	12119853	n/a	0	0	n/a	N	0	000000	96	5.82	0.02	0.18	0.85	5804	96	n/a	52	80	n/a	212	96	n/a	1000	96	n/a	
123	12119931	n/a	0	0	n/a	N	0	111000	1464	611	0.33	48.2	254	46188	1464	n/a	68	1200	n/a	4372	1464	n/a	21780	1464	n/a	
124	12119951	n/a	0	0	n/a	N	0	000000	716	132	0.13	28.6	173	18620	716	n/a	48	556	n/a	4292	716	n/a	25664	716	n/a	
125	12120014	n/a	0	0	n/a	N	0	000000	144	8.30	0.02	0.43	2.94	5364	144	n/a	40	96	n/a	320	144	n/a	2368	144	n/a	
126	12120245	n/a	0	0	n/a	N	0	111000	1972	1116	0.43	55.7	535	65532	1972	n/a	64	1688	n/a	3636	1936	n/a	36204	1972	n/a	
127	12120251	n/a	0	0	n/a	N	0	000000	252	24.3	0.04	1.79	15.5	9880	252	n/a	40	196	n/a	812	252	n/a	7176	252	n/a	
128	12120298	n/a	0	0	n/a	N	0	111000	1836	692	0.41	51.2	341	40624	1836	n/a	56	1592	n/a	3824	1836	n/a	23016	1836	n/a	
129	12120300	n/a	0	0	n/a	N	0	000000	7004	2885	1.44	182	955	65532	7004	n/a	64	5780	n/a	8144	6748	n/a	37284	6928	n/a	
130	12120305	n/a	0	0	n/a	N	0	100000	1348	515	0.33	109	180	40984	1348	n/a	84	1104	n/a	11960	1348	n/a	17860	1348	n/a	
131	12120307	n/a	0	0	n/a	N	0	101000	2796	1482	0.51	86.3	634	65532	2796	n/a	60	2212	n/a	4288	2748	n/a	26644	2784	n/a	
132	12120445	n/a	0	0	n/a	N	0	000000	184	16.6	0.03	0.62	9.16	9448	184	n/a	44	140	n/a	380	184	n/a	5880	184	n/a	
133	12120465	n/a	0	0	n/a	N	0	111000	1636	737	0.36	57.5	285	49116	1636	n/a	60	1384	n/a	4308	1636	n/a	19920	1636	n/a	
134	12120466	n/a	0	0	n/a	N	0	000000	3036	1279	0.66	176	446	57328	3036	n/a	72	2508	n/a	11356	3036	n/a	24920	3036	n/a	
135	12120467	n/a	0	0	n/a	N	0	111000	1280	673	0.27	34.3	192	59600	1280	n/a	48	1048	n/a	3388	1280	n/a	19520	1280	n/a	
136	12120468	n/a	0	0	n/a	N	0	000000	120	6.23	0.02	0.11	0.37	4696	120	n/a	40	88	n/a	100	120	n/a	412	120	n/a	
137	12120468	n/a	0	0	n/a	N	0	000000	2988	1455	0.67	122	726	56496	2988	n/a	60	2488	n/a	9532	2852	n/a	41332	2948	n/a	
138	12120469	n/a	0	0	n/a	N	0	111000	1980	747	0.41	63.1	319	38988	1980	n/a	60	1708	n/a	3852	1980	n/a	17280	1980	n/a	
139	12120470	n/a	0	0	n/a	N	0	111000	1380	821	0.32	88.8	659	65532	1380	n/a	60	1220	n/a	7984	1380	n/a	63476	1380	n/a	
140	12120471	n/a	0	0	n/a	N	0	000000	2896	1320	0.62	86.5	519	54996	2896	n/a	64	2384	n/a	4276	2848	n/a	20656	2896	n/a	
141	12120480	n/a	0	0	n/a	N	0	000000	3336	1672	0.75	110	753	62956	3336	n/a	60	2868	n/a	5684	3336	n/a	34796	3336	n/a	
142	12120532	n/a	0	0	n/a	N	0	000000	112	5.45	0.02	0.28	1.91	4192	112	n/a	32	76	n/a	240	112	n/a	1656	112	n/a	
143	12120589	n/a	0	0	n/a	N	0	000000	76	3.74	0.03	0.33	1.48	4396	76	n/a	52	72	n/a	408	76	n/a	1820	76	n/a	
144	12120677	n/a	0	0	n/a	N	0	000000	3368	1803	0.73	149	723	60216	3368	n/a	60	2740	n/a	11600	3344	n/a	29936	3368	n/a	
145	12120688	n/a	0	0	n/a	N	0	111000	1508	898	0.36	73.4	388	65532	1508	n/a	68	1256	n/a	7160	1504	n/a	34540	1508	n/a	
146	12120690	n/a	0	0	n/a	N	0	101000	2404	984	0.57	131	840	43156	2404	n/a	64	2144	n/a	7080	2404	n/a	43864	2404	n/a	
147	12120692	n/a	0	0	n/a	N	0	000000	3044	1784	0.65	42.5	482	65532	3044	n/a	56	2592	n/a	2756	2992	n/a	38736	3044	n/a	
148	12120693	n/a	0	0	n/a	N	0	111000	1892	690	0.39	26.6	235	43084	1892	n/a	64	1584	n/a	1984	1768	n/a	16372	1892	n/a	
149	12120957	n/a	0	0	n/a	N	0	111000	1884	1032	0.35	67.8	598	65532	1884	n/a	56	1504	n/a	5440	1876	n/a	44384	1884	n/a	
150	12120958	n/a	0	0	n/a	N	0	111000	1360	779	0.34	41.5	187	60956	1360	n/a	60	1200	n/a	3628	1360	n/a	14124	1360	n/a	
151	12120959	n/a	0	0	n/a	N	0	111000	1268	653	0.26	17.9	102	60644	1268	n/a	56	1076	n/a	1988	1160	n/a	10184	1232	n/a	
152	12120963	n/a	0	0	n/a	N	0	111000	1608	800	0.39	130	458	63408	1608	n/a	56	1424	n/a	13900	1608	n/a	42148	1608	n/a	
153	12120965	n/a	0	0	n/a	N	0	000000	7240	3340	1.60	862	2001	65532	7240	n/a	72	6048	n/a	13988	7236	n/a	40860	7240	n/a	
154	12120966	n/a	0	0	n/a	N	0	111000	2188	991	0.43	8.91	139	51240	2188	n/a	64	1688	n/a	600	2144	n/a	8768	2180	n/a	
155	12120979	n/a	0	0	n/a	N	0	111000	1612	858	0.33	62.3	279	59696	1612	n/a	48	1356	n/a	4876	1612	n/a	19936	1612	n/a	
156	12120981	n/a	0	0	n/a	N	0	101000	2396	1035	0.59	135	285	48692	2396	n/a	68	2052	n/a	8440	2396	n/a	17268	2396	n/a	
157	12120993	n/a	0	0	n/a	N	0	111000	1552	688	0.37	87.1	316	44972	1552	n/a	72	1280	n/a	9172	1524	n/a	30868	1552	n/a	
158	12120994	n/a	0	0	n/a	N	0	111000	2096	1308	0.44	42.2	263	65532	2096	n/a	64	1776	n/a	2444	1940	n/a	15604	2092	n/a	
159	12120995	n/a	0	0	n/a	N	0	111000	2116	1240	0.48	100	815	60304	2116	n/a	72	1856	n/a	5664	2116	n/a	44728	2116	n/a	
160	12120996	n/a	0	0	n/a	N	0	111000	1460	830	0.31	37.9	199	65532	1460	n/a	52	1216	n/a	3028	1460	n/a	15140	1460	n/a	
161	12121180	n/a	0	0	n/a	N	0	000000	144	8.63	0.03	0.04	0.15	5560	144	n/a	52	112	n/a	44	132	n/a	196	144	n/a	
162	12121326	n/a	0	0	n/a	N	0	000000	168	10.7	0.02	0.90	7.41	6144	168	n/a	44	104	n/a	564	168	n/a	4604	168	n/a	
163	12121331	n/a	0	0	n/a	N	0	100000	1540	550	0.36	88.8	289	46260	1540	n/a	56	1380	n/a	10028	1540	n/a	29732	1540	n/a	
164	12121429	n/a	0	0	n/a	N	0	111000	1684	753	0.34	55.5	371	45820	1684	n/a	56	1380	n/a	4116	1684	n/a	26112	1684	n/a	
165	12121435	n/a	0	0	n/a	N	0	000000	4000	2093	0.78	145	781	65532	4000	n/a	56	3220	n/a	4684	3968	n/a	27364	4000	n/a	
166	12121440	n/a	0	0	n/a	N	0	111000	1732	708	0.35	39.4	251	45664	1732	n/a	60	1452	n/a	3108	1704	n/a	19580	1732	n/a	
167	12121516	n/a	0	0	n/a	N	0	100000	1148	482	0.22	35.8	164	46528	1148	n/a	52	948	n/a	4208	1148	n/a	18624	1148	n/a	
168	12121517	n/a	0	0	n/a	N	0	111000	1468	645	0.28	33.8	245	48724	1468	n/a	56	1144	n/a	3312	1468	n/a	23124	1468	n/a	
169	12121520	n/a	0	0	n/a	N	0	111000	2140	1130	0.48	55.6	569	56220	2140	n/a	60	1836	n/a	4412	2128	n/a	44940	2140	n/a	
170	12121523	n/a	0	0	n/a	N	0	111000	1520	695	0.36	68.5	428	56380	1520	n/a	64	1248	n/a	6208	1508	n/a	36644	1520	n/a	
171	12121523	n/a	0	0	n/a	N	0	111000	1832	713	0.36	39.8	204	41480	1832	n/a	56	1448	n/a	3232	1788	n/a	15720	1832	n/a	
172	12121529	n/a	0	0	n/a	N	0	111000	1328	810	0.30	43.5	208	65532	1328	n/a	60	1088	n/a	4120	1328	n/a	20748	1328	n/a	
173	12121614	n/a	0	0	n/a	N	0	000000	60	2.72	0.01	0.02	0.04	3788	60	n/a	32	32	n/a	44	60	n/a	132	48	n/a	
174	12121634	n/a	0	0	n/a	N	0	000000	100	5.61	0.02	0.05	0.16	5208	100	n/a	40	80	n/a	60	100	n/a	232	100	n/a	
175	12121868	n/a	0	0	n/a	N	0	111000	1524	708	0.34	41.1	329	53760	1524	n/a	68	1260	n/a	3704	1516	n/a	27564	1524	n/a	
176	12121870	n/a	0	0	n/a	N	0	111000	1784	798	0.37	27.6	236	49440	1784	n/a	48	1492	n/a	2172	1772	n/a	18016	1784	n/a	
177	12122302	n/a	0	0	n/a	N	0	000000	92	4.97	0.02	0.29	1.51	4904	92	n/a	48	76	n/a	320	92	n/a	1588	92	n/a	
178	12122367	n/a	0	0	n/a	N	0	111000	1292	675	0.32	64.7	250	56300	1292	n/a	56	1116	n/a	8700	1292	n/a	30144	1292	n/a	
179	12122401	n/a	0	0	n/a	N	0	111000	1848	1107	0.41	21.0	199	63284	1848	n/a	60	1596	n/a	1560	1804	n/a	14160	1848	n/a	
180	12122410	n/a	0	0	n/a	N	0	111000	1856	888	0.40	105	429	51464	1856	n/a	64	1512	n/a	7160	1856	n/a	27516	1856	n/a	
181	12122412	n/a	0	0	n/a	N	0	111000	1916	1258	0.38	93.2	373	65532	1916	n/a	52	1568	n/a	6444	1916	n/a	23788	1916	n/a	
182	12122418	n/a	0	0	n/a	N	0	111000	1604	900	0.37	30.6	220	57720	1604	n/a	52	1384	n/a	2408	1572	n/a	17504	1604	n/a	
183	12122429	n/a	0	0	n/a	N	0	111000	1368	814	0.29	47.9	328	65532	1368	n/a	56	1136	n/a	4844	1344	n/a	32472	1368	n/a	
184	12122617	n/a	0	0	n/a	N	0	111000	1708	819	0.38	26.3	213	49740	1708	n/a	52	1476	n/a	1756	1692	n/a	14012	1708	n/a	
185	12122745	n/a	0	0	n/a	N	0	111000	1248	671	0.26	35.8	244	59180	1248	n/a	56	1048	n/a	4100	1236	n/a	25256	1248	n/a	
186	12122746	n/a	0	0	n/a	N	0	000000	868	304	0.23	148	524	36912	868	n/a	60	792	n/a	22308	868	n/a	65532	868	n/a	
187	12123411	n/a	0	0	n/a	N	0	111000	1432	735	0.30	11.4	129	55696	1432	n/a	56	1228	n/a	1052	1428	n/a	11788	1432	n/a	
188	12123577	n/a	0	0	n/a	N	0	000000	196	17.5	0.03	0.85	6.82	9360	196	n/a	36	144	n/a	484	196	n/a	3988	196	n/a	
189	12123655	n/a	0	0	n/a	N	0	111000	1568	907	0.32	37.4	319	65380	1568	n/a	48	1268	n/a	3108	1568	n/a	24464	1568	n/a	
190	12123660	n/a	0	0	n/a	N	0	111000	1928	805	0.45	111	403	43148	1928	n/a	68	1716	n/a	7808	1928	n/a	25656	1928	n/a	
191	12123666	n/a	0	0	n/a	N	0	111000	1880	910	0.42	82.8	319	53256	1880	n/a	68	1584	n/a	5928	1880	n/a	20828	1880	n/a	
192	12123723	n/a	0	0	n/a	N	0	000000	224	11.5	0.05	0.11	0.21	4712	224	n/a	44	176	n/a	72	224	n/a	276	180	n/a	
193	12123728	n/a	0	0	n/a	N	0	000000	180	12.2	0.03	0.16	1.18	6764	180	n/a	44	140	n/a	112	180	n/a	824	180	n/a	
194	12123773	n/a	0	0	n/a	N	0	111000	1596	914	0.30	38.3	278	65376	1596	n/a	56	1240	n/a	3388	1596	n/a	24068	1596	n/a	
195	12123797	n/a	0	0	n/a	N	0	100000	1028	360	0.21	1.11	31.7	37372	1028	n/a	60	844	n/a	136	1024	n/a	3556	1028	n/a	
196	12123913	n/a	0	0	n/a	N	0	111000	1756	747	0.38	48.8	242	48532	1756	n/a	48	1516	n/a	3692	1756	n/a	18228	1756	n/a	
197	12124018	n/a	0	0	n/a	N	0	111000	1100	605	0.27	35.8	178	60564	1100	n/a	56	968	n/a	5412	1100	n/a	25148	1100	n/a	
198	12124022	n/a	0	0	n/a	N	0	000000	440	58.3	0.08	2.63	17.4	13928	440	n/a	52	324	n/a	700	440	n/a	4708	440	n/a	
199	12124149	n/a	0	0	n/a	N	0	111000	1780	963	0.41	114	481	57208	1780	n/a	56	1536	n/a	9244	1780	n/a	35152	1780	n/a	
200	12124611	n/a	0	0	n/a	N	0	111000	1512	911	0.29	51.1	329	63320	1512	n/a	52	1268	n/a	4732	1512	n/a	27208	1512	n/a	
201	12124617	n/a	0	0	n/a	N	0	111000	1844	926	0.39	59.8	345	55724	1844	n/a	60	1520	n/a	4408	1840	n/a	24508	1844	n/a	
202	12124858	n/a	0	0	n/a	N	0	000000	156	10.6	0.03	1.01	5.57	6828	156	n/a	44	132	n/a	676	156	n/a	3916	156	n/a	
203	12124859	n/a	0	0	n/a	N	0	111000	1828	915	0.42	78.7	430	60124	1828	n/a	60	1544	n/a	5480	1824	n/a	28312	1828	n/a	
204	12125818	n/a	0	0	n/a	N	0	000000	420	30.1	0.08	0.87	4.23	7776	420	n/a	48	348	n/a	316	420	n/a	1576	420	n/a	
205	12126149	n/a	0	0	n/a	N	0	000000	284	26.3	0.07	0.09	0.32	9688	284	n/a	44	256	n/a	52	260	n/a	236	272	n/a	
206	12126306	n/a	0	0	n/a	N	0	111000	1320	803	0.27	18.2	188	65532	1320	n/a	56	1032	n/a	1728	1280	n/a	18016	1320	n/a	
207	12126871	n/a	0	0	n/a	N	0	111000	1444	930	0.32	31.1	337	65532	1444	n/a	72	1200	n/a	2548	1444	n/a	26636	1444	n/a	
208	12133701	n/a	0	0	n/a	N	0	000010	952	72.0	0.15	0.24	0.20	7684	952	n/a	52	700	n/a	56	832	n/a	124	356	n/a	
209	12133705	n/a	0	0	n/a	N	0	000000	1896	185	0.36	0.45	1.06	10076	1896	n/a	60	1464	n/a	68	1596	n/a	160	1556	n/a	
210	12133794	n/a	0	0	n/a	N	0	000000	3700	355	0.72	0.87	0.25	9876	3700	n/a	60	2936	n/a	56	3196	n/a	104	852	n/a	
211	12133803	n/a	0	0	n/a	N	0	000000	2164	163	0.41	0.52	0.09	7648	2164	n/a	68	1696	n/a	64	1920	n/a	100	304	n/a	
212	12133873	n/a	0	0	n/a	N	0	000000	184	14.0	0.04	0.05	0.03	7748	184	n/a	44	148	n/a	60	172	n/a	64	100	n/a	
213	12133873	n/a	0	0	n/a	N	0	000000	276	25.3	0.06	0.09	0.05	9380	276	n/a	48	244	n/a	56	260	n/a	72	160	n/a	
214	12133878	n/a	0	0	n/a	N	0	000000	700	215	0.15	0.24	0.87	32912	700	n/a	52	584	n/a	60	660	n/a	252	668	n/a	
215	12133880	n/a	0	0	n/a	N	0	000000	6268	4746	1.17	1.47	9.09	65532	6268	n/a	60	4940	n/a	68	5248	n/a	368	5584	n/a	
216	12133882	n/a	0	0	n/a	N	0	000000	904	261	0.17	0.27	0.09	31128	904	n/a	48	684	n/a	60	820	n/a	112	216	n/a	
217	12133888	n/a	0	0	n/a	N	0	000000	328	41.6	0.08	0.11	0.30	13748	328	n/a	64	272	n/a	72	304	n/a	260	288	n/a	
218	12133889	n/a	0	0	n/a	N	0	000000	180	13.3	0.02	0.03	0.09	7456	180	n/a	44	92	n/a	40	136	n/a	128	120	n/a	
219	12134024	n/a	0	0	n/a	N	0	100000	864	350	0.19	43.7	135	43816	864	n/a	52	732	n/a	6676	864	n/a	18408	864	n/a	
220	12134458	n/a	0	0	n/a	N	0	111000	1296	650	0.27	13.4	157	53160	1296	n/a	64	1072	n/a	1448	1296	n/a	16748	1296	n/a	
221	12135234	n/a	0	0	n/a	N	0	000000	96	5.15	0.01	0.13	0.88	4816	96	n/a	28	36	n/a	148	96	n/a	928	96	n/a	
222	12135479	n/a	0	0	n/a	N	0	111000	2132	717	0.44	75.2	369	35908	2132	n/a	56	1744	n/a	4876	2120	n/a	22156	2132	n/a	
223	12135958	n/a	0	0	n/a	N	0	000000	1884	534	0.37	7.72	95.5	28908	1884	n/a	56	1480	n/a	576	1860	n/a	6412	1884	n/a	
224	12141499	n/a	0	0	n/a	N	0	000000	380	60.0	0.06	0.12	0.10	17240	380	n/a	44	304	n/a	56	356	n/a	128	212	n/a	
225	12141762	n/a	0	0	n/a	N	0	000000	164	9.01	0.03	0.04	0.08	4968	164	n/a	36	128	n/a	44	136	n/a	120	132	n/a	
226	12142925	n/a	0	0	n/a	N	0	000000	636	217	0.12	0.21	1.05	36580	636	n/a	56	480	n/a	72	568	n/a	328	612	n/a	
227	12142930	n/a	0	0	n/a	N	0	000000	20828	16894	3.75	4.88	10.2	65532	20828	n/a	68	16220	n/a	84	15572	n/a	356	11428	n/a	
228	12142932	n/a	0	0	n/a	N	0	000000	900	312	0.19	0.29	0.66	38324	900	n/a	52	740	n/a	80	840	n/a	188	792	n/a	
229	12143552	n/a	0	0	n/a	N	0	000000	172	12.7	0.02	0.09	0.18	7448	172	n/a	36	124	n/a	68	172	n/a	184	172	n/a	
230	12144158	n/a	0	0	n/a	N	0	111000	1800	920	0.36	15.4	177	55768	1800	n/a	56	1460	n/a	972	1784	n/a	11416	1800	n/a	
231	12144785	n/a	0	0	n/a	N	0	000000	9668	1899	1.80	67.9	397	36900	9668	n/a	64	7712	n/a	1440	9096	n/a	14392	9624	n/a	
232	12144960	n/a	0	0	n/a	N	0	100000	1548	533	0.29	38.1	296	34204	1548	n/a	48	1268	n/a	3716	1548	n/a	26128	1548	n/a	
233	12144984	n/a	0	0	n/a	N	0	000000	72	3.85	0.00	0.01	0.06	4856	72	n/a	20	20	n/a	28	48	n/a	136	68	n/a	
234	12145066	n/a	0	0	n/a	N	0	000000	2128	486	0.44	88.3	423	31664	2128	n/a	60	1720	n/a	7544	2120	n/a	31100	2128	n/a	
235	12145079	n/a	0	0	n/a	N	0	100000	1620	550	0.32	14.0	123	40696	1620	n/a	56	1308	n/a	1520	1604	n/a	12520	1612	n/a	
236	12145116	n/a	0	0	n/a	N	0	000000	668	130	0.15	13.9	30.4	21828	668	n/a	56	572	n/a	2336	668	n/a	5192	668	n/a	
237	12145150	n/a	0	0	n/a	N	0	100000	1660	585	0.36	13.8	89.4	38588	1660	n/a	64	1388	n/a	1168	1544	n/a	7460	1596	n/a	
238	12145157	n/a	0	0	n/a	N	0	100000	1328	436	0.28	5.54	42.1	33696	1328	n/a	68	1120	n/a	544	1316	n/a	3660	1328	n/a	
239	12145176	n/a	0	0	n/a	N	0	111000	1296	717	0.24	17.1	177	57924	1296	n/a	56	1048	n/a	1576	1292	n/a	16192	1296	n/a	
240	12145330	n/a	0	0	n/a	N	0	111000	1120	641	0.26	16.8	78.4	59036	1120	n/a	60	964	n/a	2248	1108	n/a	9608	1120	n/a	
241	12145411	n/a	0	0	n/a	N	0	111000	1600	672	0.31	12.8	161	42724	1600	n/a	52	1332	n/a	1188	1588	n/a	14432	1600	n/a	
242	12145426	n/a	0	0	n/a	N	0	111000	1320	590	0.25	9.36	87.0	50480	1320	n/a	48	1032	n/a	1236	1300	n/a	10740	1320	n/a	
243	12145587	n/a	0	0	n/a	N	0	000000	108	5.14	0.01	0.02	0.08	4036	108	n/a	32	48	n/a	48	88	n/a	156	88	n/a	
244	12145907	n/a	0	0	n/a	N	0	111000	1396	602	0.33	40.0	180	46852	1396	n/a	72	1176	n/a	3368	1396	n/a	14612	1396	n/a	
245	12145908	n/a	0	0	n/a	N	0	000000	112	7.74	0.02	0.01	0.02	6900	112	n/a	44	76	n/a	56	72	n/a	112	36	n/a	
246	12145925	n/a	0	0	n/a	N	0	111000	1460	871	0.32	53.6	294	62080	1460	n/a	60	1160	n/a	4640	1460	n/a	23940	1460	n/a	
247	12146140	n/a	0	0	n/a	N	0	111000	1416	717	0.29	43.2	411	58872	1416	n/a	56	1152	n/a	4344	1276	n/a	38840	1408	n/a	
248	12146227	n/a	0	0	n/a	N	0	000000	1560	372	0.32	119	456	24132	1560	n/a	60	1264	n/a	8192	1560	n/a	39392	1560	n/a	
249	12146340	n/a	0	0	n/a	N	0	111000	1908	1005	0.40	98.5	414	61564	1908	n/a	60	1632	n/a	8496	1908	n/a	29852	1908	n/a	
250	12146398	n/a	0	0	n/a	N	0	111000	1516	932	0.32	80.6	544	65532	1516	n/a	56	1308	n/a	6860	1516	n/a	47136	1516	n/a	
251	12146447	n/a	0	0	n/a	N	0	100000	1528	550	0.31	31.3	257	41000	1528	n/a	60	1244	n/a	2528	1528	n/a	21012	1528	n/a	
252	12146552	n/a	0	0	n/a	N	0	000000	496	58.7	0.10	1.95	19.2	13616	496	n/a	52	388	n/a	496	496	n/a	4684	496	n/a	
253	12146610	n/a	0	0	n/a	N	0	000000	540	98.7	0.11	8.42	29.1	21224	540	n/a	52	484	n/a	2312	540	n/a	7944	540	n/a	
254	12146619	n/a	0	0	n/a	N	0	000000	212	14.2	0.04	0.06	0.05	6448	212	n/a	44	176	n/a	60	192	n/a	88	104	n/a	
255	12146661	n/a	0	0	n/a	N	0	100000	1380	547	0.28	52.1	360	39576	1380	n/a	56	1140	n/a	5476	1380	n/a	35960	1380	n/a	
256	12146736	n/a	0	0	n/a	N	0	111000	1140	706	0.22	25.6	330	65532	1140	n/a	48	920	n/a	2868	1140	n/a	37012	1140	n/a	
257	12146824	n/a	0	0	n/a	N	0	110000	1808	638	0.37	37.1	240	41140	1808	n/a	64	1524	n/a	2368	1808	n/a	14864	1808	n/a	
258	12146873	n/a	0	0	n/a	N	0	111000	1512	714	0.31	48.9	345	48012	1512	n/a	56	1272	n/a	3680	1512	n/a	23696	1512	n/a	
259	12146944	n/a	0	0	n/a	N	0	111000	2072	848	0.41	53.6	572	43468	2072	n/a	60	1728	n/a	3412	2072	n/a	32836	2072	n/a	
260	12146956	n/a	0	0	n/a	N	0	000000	60	2.89	0.02	0.27	1.23	4148	60	n/a	48	56	n/a	412	60	n/a	1832	60	n/a	
261	12146976	n/a	0	0	n/a	N	0	111000	1904	663	0.36	54.2	256	37436	1904	n/a	56	1504	n/a	3564	1904	n/a	15984	1904	n/a	
262	12153668	n/a	0	0	n/a	N	0	000000	1512	204	0.29	0.38	1.11	14936	1512	n/a	56	1228	n/a	60	1368	n/a	188	1380	n/a	
263	12153777	n/a	0	0	n/a	N	0	000000	3896	519	0.72	0.90	0.39	14780	3896	n/a	56	3056	n/a	64	3396	n/a	88	1184	n/a	
264	12153840	n/a	0	0	n/a	N	0	000000	344	46.1	0.04	0.08	0.25	15024	344	n/a	36	236	n/a	56	312	n/a	168	276	n/a	
265	12153845	n/a	0	0	n/a	N	0	000000	652	227	0.13	0.22	0.18	37304	652	n/a	60	540	n/a	80	592	n/a	108	352	n/a	
266	12153850	n/a	0	0	n/a	N	0	000000	21200	17195	4.07	4.98	10.8	65532	21200	n/a	72	16888	n/a	88	16120	n/a	388	12984	n/a	
267	12153851	n/a	0	0	n/a	N	0	100000	924	328	0.18	0.28	0.68	39068	924	n/a	48	756	n/a	60	868	n/a	240	740	n/a	
268	12153858	n/a	0	0	n/a	N	0	000000	272	35.3	0.07	0.09	0.23	14520	272	n/a	48	240	n/a	56	248	n/a	148	260	n/a	
269	12154342	n/a	0	0	n/a	N	0	111000	1996	1031	0.54	168	292	58484	1996	n/a	64	1788	n/a	13296	1996	n/a	26372	1996	n/a	
270	12154470	n/a	0	0	n/a	N	0	000000	64	3.05	0.01	0.02	0.07	4140	64	n/a	52	44	n/a	36	56	n/a	176	64	n/a	
271	12154837	n/a	0	0	n/a	N	0	110000	1340	562	0.29	19.2	131	44372	1340	n/a	56	1112	n/a	2400	1320	n/a	15748	1340	n/a	
272	12155237	n/a	0	0	n/a	N	0	000000	260	13.5	0.03	0.90	2.30	4636	260	n/a	52	160	n/a	332	260	n/a	928	260	n/a	
273	12155247	n/a	0	0	n/a	N	0	111000	1828	1062	0.41	30.3	218	59728	1828	n/a	56	1596	n/a	2220	1812	n/a	16012	1828	n/a	
274	12155470	n/a	0	0	n/a	N	0	111000	1464	773	0.30	37.6	151	57136	1464	n/a	68	1240	n/a	2764	1464	n/a	11852	1464	n/a	
275	12155505	n/a	0	0	n/a	N	0	100000	1108	450	0.25	3.52	35.3	41900	1108	n/a	68	948	n/a	468	1104	n/a	4712	1108	n/a	
276	12155713	n/a	0	0	n/a	N	0	000000	1416	373	0.28	27.2	145	30380	1416	n/a	56	1220	n/a	2584	1416	n/a	13436	1416	n/a	
277	12442509	n/a	0	0	n/a	N	0	000000	7836	433	1.45	1.72	1.44	5016	7836	n/a	64	6028	n/a	64	6496	n/a	100	4464	n/a	
278	12443557	n/a	0	0	n/a	N	0	000000	3904	212	0.67	0.82	0.54	4932	3904	n/a	60	3072	n/a	60	3212	n/a	100	1640	n/a	

Data stored after review. Instrument settings have not been altered


FlowCell: 1000 micron
Scan Rate: 1250K
Trigger source: Extinction
Signal threshold: 500
Minimum time of flight: 60
Signal gains:
	Extinction: 1.0
	Green: 1.0
	Yellow: 1.0
	Red: 1.0
Extinction detector power: 
0.00
PMT voltage:
	Green: 350
	Yellow: 400
	Red: 600
Pressure:
0.000;0.300;1.900
Drop width: 8.0
Sort delay: 10.0
Lasers:
Sapphire488	power = 50

R2 (TOF;Extinction): 893,160; 922,16; 1416,64; 1350,232;
R4 (TOF;Extinction): 774,1472; 929,520; 2258,712; 2841,1432; 2686,2008; 1697,1896;
R1 (TOF;Extinction): 1129,952; 1166,800; 1594,1088; 1749,1192; 1756,1344; 1579,1352;
R5 (TOF;Extinction): 730,1160; 870,464; 2324,736; 2191,1680; 642,1328;
R6 (TOF;Extinction): 841,312; 1719,504; 2287,696; 2841,1480; 2789,2008; 2250,1928; 509,480; 464,280; 546,240;
Sort gate:
 Individual gates for each well
Stored data gate:
None
Partial profiles:  None
Data stored: RAW (not compensated)
